800000,200
6860,10249
45466,26480
10128,16928
37261,26314
30098,4655
10090,20577
11017,5564
11885,4744
35524,7643
27608,18204
14337,11773
20420,13341
7826,13932
15872,21152
6843,5912
40750,16049
41643,15044
50754,19088
14984,20470
49875,18194
27461,23273
8402,9008
36224,24205
50582,15921
42080,13483
50403,31412
35667,19909
32654,9176
21447,6382
35135,8688
21604,24202
44170,27733
6867,20309
54705,9921
40598,14193
40223,24787
19713,26062
16314,6630
56195,17296
34003,11531
6307,7805
26107,26812
31937,6583
49433,14883
53750,27966
43094,11401
39360,11858
32042,5728
7756,15284
36126,27251
41706,12068
7909,12840
7677,8379
13669,21332
42314,16144
8813,8451
20180,9797
20086,20010
35179,20709
12774,21807
56182,15069
14449,17165
57121,24548
55903,23092
28950,11458
20949,5487
43145,26997
42927,28445
4570,13916
27983,15600
32125,7578
19957,15961
17900,23861
5752,19842
35907,27949
28956,27497
36604,4370
49307,13721
7425,11418
6390,18602
27224,14852
45042,27635
11865,4756
15382,15633
20666,14838
39800,12030
24625,23443
9230,11441
52907,7343
12991,13387
38289,4482
50603,18177
6248,8972
29648,7456
55164,15256
20949,23139
23955,24107
54018,5726
17268,27218
29051,19005
31692,5075
9749,5895
15637,26043
34545,15375
26400,11260
22413,7508
22816,16713
51226,4414
14508,23736
25370,23749
20190,5310
55601,10108
45251,26938
37103,25847
45758,12771
49948,14582
7415,15845
32851,24240
21621,8513
50973,14998
19926,26559
21136,7083
34451,4395
51709,27281
8083,11459
50661,16453
37314,18334
34032,14842
41476,12062
40461,18816
62876,18219
38884,20107
23949,7628
37445,27756
40626,6254
20439,23839
28777,10909
37337,20098
8568,11149
53779,20025
37964,20358
33707,26425
14210,17424
60701,9557
36356,11772
40392,4866
35719,14877
29148,27562
42208,4694
27125,24848
55325,21564
43152,26453
54289,21617
14225,4832
18936,19271
22181,9501
22577,18201
15081,3893
20283,5956
50518,7808
37213,5453
40297,15248
26584,15680
8742,12291
42358,30312
50161,18266
27635,6730
27427,12791
18986,19447
40179,10411
20403,5813
21997,27552
21592,10917
54453,15322
54533,20933
27758,11824
21889,25021
22605,12068
54971,18000
19991,27613
7033,20640
6100,10090
12145,7631
56469,20160
28930,22451
20690,14629
3677,7001
49627,16041
51698,7031
33978,26316
22591,7908
36017,21124
36628,5845
42491,13661
54837,14542
38781,11375
45185,27309
28304,4814
40442,25758
40247,22073
14224,23122
14598,22706
28420,26468
33781,25734
10543,5144
54522,22505
20838,7533
34517,20387
27389,21998
28934,17374
56437,8973
41270,11607
27172,13240
42148,21150
26453,26801
48946,16286
8989,21323
54345,28691
22342,6818
39294,13541
6830,18768
48980,16539
6991,14727
39070,4781
28798,21613
13962,12998
14727,10636
54143,12738
40045,12373
21824,15530
20248,7219
16802,26126
61912,6959
43670,27084
15461,21595
8082,21463
37125,17153
42485,18019
9301,9703
18940,26230
52378,15640
38127,6884
25662,24791
14982,27304
18372,26095
33183,11895
42464,19504
22088,15761
28541,27528
26965,16426
29161,25015
41429,27446
53782,4788
46019,5307
55473,17276
43406,30011
50187,5279
22722,15839
37374,16303
28867,2716
28008,23925
27721,14340
42290,21633
27104,12336
61609,18086
25984,13888
26435,24420
51555,12719
8399,4847
53946,9411
14366,12412
41403,20559
56584,14267
13748,26658
16711,27362
52707,15316
56340,11312
16146,8121
36947,19270
39917,17338
20093,4873
53791,23619
19144,7456
49597,14830
7304,6990
8768,20199
8892,8248
15725,12551
31509,6623
55854,5444
22178,26662
40584,22152
24672,23821
58450,19610
55691,5539
51838,18020
22521,14394
35442,24169
50759,7881
35220,18311
48837,6094
54497,15347
61643,7161
22909,12244
49733,16413
13377,26760
33777,13957
46636,26454
10629,10894
37003,5917
54358,12359
41541,4509
20108,20711
38466,20002
38550,13854
53312,12226
21360,21263
6938,5830
32378,7621
25907,27568
29631,7164
26860,24528
38276,28060
37926,20369
9136,7350
6734,16285
45879,13040
34402,11873
36039,21181
27482,15692
52894,6917
42318,24775
57620,11194
17601,26540
34378,13051
11611,6962
32678,6802
34741,22500
53488,21337
19259,17770
15455,8304
15333,17456
15970,26663
54256,16845
19791,18655
41817,12866
15349,27949
38944,14223
9045,14866
37548,4697
15005,24469
26485,21556
14600,15986
40524,6977
46035,6717
46738,18094
40309,11032
51335,11845
42558,6113
14285,4898
3788,7111
28442,25426
49417,6368
10703,28539
22877,6952
46182,27422
38788,27405
13499,21226
22128,9649
7365,6509
59440,21365
13347,22463
51734,29587
6788,25618
50594,5859
54209,18472
22324,31933
53049,4663
21301,12892
20533,15664
23356,23753
41061,25821
15349,18006
14167,7637
52455,16586
46721,26406
14802,16432
55839,8155
40039,21972
35066,13952
52597,8222
21594,17750
28667,23527
28040,21507
22325,26100
11931,4656
29091,27258
37819,25961
13845,4766
40360,4467
34488,13086
44752,25909
20933,9532
55496,21730
14530,8519
7298,8326
39225,17095
7999,18667
13016,22616
14919,26316
21911,18208
20625,25103
37132,20939
56502,12432
17887,7491
29377,20316
27089,16132
8016,19488
20411,15313
38321,24785
25976,12615
41965,6594
63495,5285
43148,26449
40699,24619
27798,20514
63038,11534
55484,8568
6637,12731
34482,5580
41215,7826
33006,28101
26033,17831
14785,26479
14965,15223
38710,5009
44638,8506
12900,27530
7741,15849
15392,12666
63159,31236
20482,27039
13751,10877
9435,21595
22821,24067
40163,10572
32262,7826
9474,5237
29147,13482
41781,10158
22743,24834
28047,25746
56013,19285
14706,25805
36989,6498
29059,21124
19213,4819
8863,19370
22973,8260
12304,8512
41017,20950
27960,18471
39418,6689
13335,13391
35071,18736
14792,16570
36325,9221
29171,20978
29059,7265
56196,8759
15257,4712
33254,13545
55608,2354
35276,13861
19136,18264
48455,16029
16765,25989
6163,8604
46087,25167
20083,16912
39483,13086
20158,19849
21508,11796
21575,15100
22095,7113
34706,24557
12648,14209
4602,14473
16413,5481
55002,11791
42622,27043
51953,12979
37912,25488
57276,9034
54270,17148
53358,19360
35360,12123
15357,22517
13181,19641
33805,7067
50242,5313
27908,24542
42496,27366
54189,20789
28818,26342
36382,26530
43453,24797
5120,18012
30692,7528
35717,9502
55099,24384
22503,17643
49472,14343
35078,4556
20875,16419
53401,10430
52387,9252
20827,13082
57158,22367
42178,6519
15278,15005
47848,22663
38864,12181
14531,19374
33664,14896
14782,7715
21738,9601
8320,19078
30002,7565
50988,13442
25835,25675
28998,17115
32608,12518
23496,7113
47675,21514
26612,26904
15597,7783
42094,14548
50915,9323
26945,5658
28029,19445
21637,25573
35420,25914
60040,16373
30886,6467
55097,21551
27711,20083
50463,11987
55801,21344
21872,17943
27944,19300
22389,20267
13382,12986
11065,4899
48361,23625
41562,27071
46717,16078
40983,18481
8890,17753
23405,6939
14212,23420
51135,9576
39960,8133
27667,24227
33414,28404
37461,8162
8027,8358
51680,17825
20708,7006
52357,16984
41361,5331
55651,10258
47356,5763
54943,20946
37169,27255
52976,7672
20522,24666
22621,14508
36353,9955
38450,11407
18415,27115
17934,8566
38410,10204
40850,4380
40225,21307
36172,24273
11697,8237
45858,28998
56619,23592
21296,11119
52185,11929
19776,15494
29410,25637
40763,6796
21748,19059
14242,16931
21361,14454
28166,6419
31695,5368
61190,9414
51502,20544
56176,18514
29011,11985
14806,15130
23888,25155
18723,25100
42153,20607
49983,18249
33329,6738
39548,27271
8097,21670
42530,25294
41981,25923
19839,12215
54783,19747
35808,5912
42262,10804
8202,9429
39375,15630
38641,20778
33097,24700
52549,30383
21192,29611
47279,6519
55054,25692
8628,6642
48270,27463
32253,6502
8439,19946
32314,2509
13252,19896
51908,19212
20309,17829
26401,24795
34273,28042
28765,6962
35344,10928
51372,16688
17396,8342
7246,11390
44624,12356
39823,13474
15858,24258
49307,12918
49558,13318
7012,9439
22488,11494
36442,6094
49179,5201
22680,11341
10951,28165
55900,14285
7802,18773
20302,27570
35321,28103
19768,24584
55423,6509
6391,5924
6026,6689
28635,25575
45571,25777
27374,10652
21592,20016
20510,21596
43222,27573
51630,6813
55030,22201
48671,7121
22992,15799
49284,7271
29239,24416
32530,28085
21654,14022
41819,21559
20079,20118
28462,20428
26885,24510
22020,12118
17381,13048
51759,9647
26116,19483
6100,7941
7136,20386
41498,31835
34706,27184
6987,21556
14965,23592
26469,23171
50037,7133
35167,6295
57526,9338
26019,14064
60271,7391
54215,4714
8839,21244
22029,21070
35891,14991
6216,16839
7554,16669
15084,12578
10716,7081
33740,26833
6465,5480
7725,20084
39751,15714
41272,13777
49594,8167
54079,10844
17575,8594
54531,10672
20786,24315
22474,12325
39741,5734
51487,18513
45899,26293
34552,9979
6980,5932
3944,8805
8335,17771
7888,17813
49175,15693
12708,6605
32966,27860
56986,24523
19764,13995
20146,4778
10860,6182
15699,12417
16173,18649
10415,6968
1800,29627
19617,26866
12722,12943
41678,5872
51816,7030
26817,7915
51485,20300
34929,6757
14666,12516
39897,18610
36838,7397
38035,27192
10227,4952
7518,12278
34820,23996
34422,9766
53587,4497
28766,19873
52459,9943
58815,15810
56956,23211
26702,21446
55956,22518
27798,21757
40341,27248
20153,18680
6066,5691
15321,16486
41957,10993
20824,7613
40886,19331
50425,18014
41032,24908
14783,14321
33981,15612
35897,7146
48914,16570
53752,21084
39147,26717
8579,7396
10828,8134
38852,11493
13145,5179
39966,13667
19911,10888
20973,16080
27514,27593
7937,4855
25161,3538
47317,24763
55851,17829
54197,6006
6586,19891
9230,5604
45501,12104
32546,12400
21556,5531
55390,10141
36852,20561
37907,24388
27156,19069
20597,15624
39067,19105
36102,8088
43457,27313
57120,7689
24283,25458
27469,15769
15152,7950
47862,27545
12575,17550
48018,7416
45939,25391
27615,11730
10444,4982
54847,7556
7333,15121
49243,13069
48121,7843
56166,18523
49687,13272
49979,7637
56918,11351
56017,7147
46770,6891
46829,19475
47563,23689
41293,21271
5309,19382
41533,13502
52348,12311
39017,15522
39783,11513
55436,18405
54326,12673
40424,12397
34238,14685
53377,29133
17147,13580
28335,11143
21948,23917
8091,19013
25961,20637
7994,17332
40488,28091
16963,25789
55715,13639
8773,10765
14791,25127
21702,5620
42267,27614
52764,18747
2454,15383
55747,11374
8428,9132
36310,26628
41722,11839
34687,27354
25511,25461
21602,13195
9465,15025
26020,11229
27611,13302
31131,22698
33733,3774
16298,25493
52432,21240
6188,15976
36426,15438
22196,8436
21802,18922
17314,27354
58220,7376
9133,11398
47298,19000
21458,16347
54608,23744
33945,15366
31510,5825
36391,19502
34979,12755
15346,17159
50161,14260
50300,4928
13683,11894
24724,24874
25930,12420
19803,7915
28403,22283
48396,27888
45371,26685
49984,14168
6342,8105
19630,10521
48763,14963
40279,13673
25928,27183
38874,19836
55200,14452
30671,4419
20476,17860
49349,8002
53695,23768
54155,17090
37312,19156
14399,26029
54774,26078
14541,13402
22148,11769
14375,6285
8646,27619
5990,13446
31858,7540
26364,26721
38637,18039
21003,13712
54203,21865
38054,21758
37554,21260
37445,18488
48678,14737
31580,4508
19544,12890
18346,5670
26428,19921
40670,13932
38428,24157
56538,24692
9445,7946
35470,14816
13403,27035
13158,26735
17708,10945
33610,27611
39416,25293
19598,19790
6365,16330
7140,13991
18201,8109
28848,25929
22767,13927
54568,7420
50490,14169
41464,18455
38481,24326
34708,5004
54162,24124
3445,6084
12734,13786
19927,27657
34422,26182
25034,11358
19501,18579
53911,19953
41095,15004
22080,8794
26744,7226
54986,24171
50984,17770
31859,7392
19084,24291
19014,10168
53214,16972
22480,24344
51939,17670
8632,30134
21588,29830
22215,23923
41033,25432
41815,21019
27295,25460
51954,12973
20680,14441
56606,11546
55697,17928
12150,6786
15014,7674
46676,15380
20880,16564
22216,13846
37739,8036
20689,31090
52875,6771
26239,20421
12941,16861
55268,17513
21453,11944
55720,7964
53096,6323
41844,20032
23804,26170
20121,26507
18883,25147
16665,4713
26470,4910
34870,26478
42176,14729
20584,12431
40152,9490
22415,20364
52580,30069
31552,4717
46658,15952
15613,23499
4059,10144
42107,16931
34730,9445
37741,27505
22819,6068
34010,4750
40538,4350
12826,11080
25829,27158
46385,27771
14375,17341
33794,7938
20876,19111
21817,16986
44035,7104
56744,25465
12037,6963
29101,4313
14211,7934
28190,27522
6518,19455
26560,24035
20520,5070
7279,7822
14084,13730
19078,7596
27852,8132
51768,30746
41543,25513
9028,8848
28396,17440
41814,12246
41094,20537
54856,17633
3983,8872
56710,21697
6787,20844
37747,21273
21121,10748
23209,25704
57051,25104
53705,9959
49282,15156
12689,16357
51487,22725
56011,18921
29491,12057
16387,15364
25425,24561
42270,17788
2213,2349
15304,22654
39505,5081
40481,25074
46867,16548
38794,7832
21172,24555
49552,7961
54044,18033
19052,17996
6715,17863
17412,22754
48732,7315
33896,26214
32782,7620
26478,14867
32257,29897
41180,14975
45681,12588
54580,16788
38132,25893
7708,14880
43820,24706
27721,21720
15310,14130
7274,17661
7819,15304
38500,25534
36495,11480
8421,14627
35740,14196
39256,20908
27273,20908
51360,13103
28779,5509
28152,24062
38303,24418
54819,6557
20083,19058
57604,18459
55398,19214
30900,7272
60953,6151
47819,7276
7329,7026
13642,8069
21719,24013
34167,9719
51547,19952
15507,22007
51208,16348
52285,15455
18305,25037
34104,12250
34595,9501
55079,4707
55986,15805
37483,6368
13731,22111
14501,21536
35615,13785
54342,19157
54558,23860
21547,26165
44131,25373
42442,19650
6568,18487
5352,17011
21548,22046
34232,8102
27016,11289
35285,6084
59192,15382
17973,11407
47635,27585
27491,5973
17701,22753
41204,14685
13646,27655
19594,19324
22319,18578
12682,8083
48195,27221
54402,9090
23920,27096
7419,17285
20417,15236
39173,25734
7006,10897
37745,25942
12580,21100
41894,7144
10933,27980
13445,5042
42149,19308
34810,14267
53136,5917
15905,10741
63072,23445
17541,5945
15597,22585
3357,16989
52683,13397
20887,7481
51411,15901
8595,16966
48367,24367
41285,6748
6855,14147
13428,23511
8637,9322
7136,11528
13821,5025
40271,20427
39511,11177
23914,26999
38842,26105
8162,7880
55500,6593
55172,14550
54212,10497
39647,9663
39611,21882
48713,17486
36564,21093
21386,19586
56701,23741
13546,7951
26756,25790
17721,6815
55061,17724
49915,29242
49800,3381
39135,24751
22774,5816
11297,27581
36597,21056
26460,26217
6978,10273
55631,7150
19758,5915
21335,20759
27951,23975
37963,29783
18692,19204
17958,4888
12722,20706
49792,28724
26145,27556
47585,20398
40609,19313
53303,6644
27924,5046
57287,25263
40917,10479
40677,15904
36895,27567
53331,22480
13211,25067
55544,5379
26448,21015
33258,6914
42032,7621
22748,8584
52740,22316
50227,2596
54446,11890
47299,27491
42275,5533
32455,9440
22695,10324
40263,20153
21689,15426
9275,20614
54346,20356
34635,24236
55220,13247
56508,24638
33973,10920
26923,17860
33221,10266
15175,23171
14868,26168
5938,6211
9286,13236
50357,13576
13200,14580
49254,8001
22912,24739
51035,9510
28437,26054
9086,7695
53247,10751
27304,4754
32496,25293
56151,17577
15700,6127
33738,5916
28453,6436
10711,5708
13190,13514
7718,8461
43090,24227
29788,4899
39995,17953
55890,20759
56412,13107
14493,32087
50426,16681
22538,12659
26832,18077
30132,5077
33859,6820
35890,2907
13072,14096
27475,23464
56892,10792
54974,20802
34929,25712
52221,18849
52578,13132
56521,21212
41240,13252
42245,18472
10439,14913
15085,16660
54671,7685
7373,11896
22297,12778
39131,14889
55444,3724
39309,12907
34741,13853
44694,24512
6782,7777
22392,13966
22825,15030
19308,18792
30484,7625
10070,29477
43203,26638
25518,27431
7820,15977
20679,5030
57182,22776
39196,27042
21055,25257
6039,8513
51590,9304
18530,23615
22211,21371
28592,6246
41005,26926
52991,9684
55090,21572
19094,10765
22570,25569
15655,26766
19324,8816
46590,7726
53150,6497
22523,18968
38527,4152
19673,15708
26552,5089
14242,22501
34241,8889
38216,4127
55350,15431
42320,17446
52692,10911
42321,10221
44835,24244
21282,19204
38204,13571
40931,16682
52979,18800
39591,10245
9363,4808
14057,16601
40736,26916
36293,7853
35762,6819
38839,5593
36027,31106
20615,19086
40712,6227
56384,13365
36313,19592
19400,17496
34337,25887
36595,24896
15923,17936
9661,5609
39551,21198
30817,5366
44814,27588
22069,24531
40667,11649
41173,7106
56435,11621
54904,19842
49860,12649
4129,17661
7707,14405
36564,19945
13861,25824
52569,16204
40861,15278
19333,6096
15934,23952
46098,6675
32636,15190
51071,18566
40574,20725
13034,6398
19268,20467
27376,25932
54055,10946
14762,7825
29005,26084
39538,21559
36488,9745
26796,7808
43132,24255
29927,8166
29368,18698
10957,21400
29334,6614
29339,7869
24516,25940
56146,17840
11199,27484
6702,10262
54274,16977
12762,22434
12330,7336
33790,5636
45047,27044
7823,20211
32904,24757
19720,11784
32458,9382
51333,16778
43310,5968
54878,15585
19389,24743
33464,4701
15112,22326
27239,11088
8385,12070
40667,18934
53968,27498
33912,5194
42637,25361
43244,15698
27272,23944
39888,27774
33048,10838
12052,6386
30676,4420
61201,8744
39223,18207
38441,15610
57839,4747
41729,4592
15026,16054
12319,25101
40519,10988
4310,14875
52963,16412
10144,4648
48303,24613
14007,26593
25237,27505
48505,7965
17679,11302
1498,19834
15560,11001
52933,6726
5977,8104
44404,24582
15879,13945
16830,7150
55267,23958
38250,19773
54180,8597
50568,14817
27121,14377
6816,4633
7139,19379
57463,9791
26381,25240
13389,19983
61752,13871
55325,23758
50692,7971
21154,5888
14595,8604
33821,10007
38922,14434
8300,12587
51005,12129
13125,20779
53480,14107
51558,6188
52648,20776
42443,24722
32253,5656
19731,24040
15358,6447
36168,10175
8607,9098
60434,19454
50092,7069
24235,23729
36218,7851
40384,21309
14730,19015
19467,14984
36634,3929
19389,19501
33318,25263
35939,8804
29465,7382
36682,4784
56084,19659
42037,25419
39751,18802
36020,26718
8759,14143
55136,24606
29179,5027
36369,26491
46006,25636
48900,15173
46890,7106
36110,13428
57985,23536
5961,5474
38801,22152
44032,26730
27892,7480
25552,26029
27102,5268
22289,9999
57125,23403
48640,6148
28695,16129
34439,12535
52877,20103
32616,8686
8970,14160
53637,8676
48200,7987
13798,32085
42747,25854
9899,6122
31963,30066
20975,8603
53664,17818
13675,7060
8843,10193
40531,17424
36849,19945
57693,8967
22997,8062
52725,10374
16291,13061
34764,8460
15412,7279
35855,9063
8608,20200
21932,17709
51106,4557
34889,19621
47123,8039
26004,25082
39004,28199
12812,13109
55167,12720
22042,25881
8269,31573
21720,5080
22575,23825
54340,15152
19276,13970
50983,19750
10306,5141
21620,14164
29067,20496
19839,7395
51958,13961
20225,7354
40004,5570
42090,18013
11781,4898
53168,16488
51305,7872
17733,11102
4649,13285
52719,14931
46069,25116
37373,26484
52196,7558
40683,10982
54984,18169
58576,17841
54959,24388
51080,13935
15298,8118
55494,9094
16872,5902
52935,7620
30802,27897
39612,21893
54861,18927
62620,29641
7408,20197
6880,14280
37481,21058
40668,5626
28139,22058
48317,5086
7747,16191
58026,22930
34444,9035
12737,11983
47615,8070
36898,18523
21122,17381
62053,5895
35193,11611
63076,11944
47660,6595
54059,14962
61692,9769
7916,17530
20161,5592
28444,7069
21202,14163
19166,21586
34736,14444
16085,15775
60067,28596
50234,9039
27344,11440
9484,6286
53270,18469
45303,28095
42405,20896
16058,21868
22355,23287
13180,14379
18520,6597
41576,20849
13516,7084
37839,7963
34450,27482
8801,7200
13609,20622
52994,12581
18378,5732
39581,4647
33829,4500
37741,25395
37722,25107
21141,13590
13929,24989
4379,11877
26869,4318
24763,26795
49395,8459
6657,11320
43195,24988
56000,16702
15083,20640
6289,8986
52375,4757
22366,25911
14562,15961
39690,7130
8258,20610
29128,17002
53628,20859
32606,13380
57634,8164
39708,20700
54054,15036
34172,14951
36050,15257
22538,7058
14745,7405
54517,7256
39252,16125
39267,24805
52172,22369
36387,21320
34834,10885
54279,21080
26036,20474
38567,24473
49442,5228
14205,12724
23623,31696
5935,6078
40667,7158
7808,18493
9203,6957
38976,17270
12457,5306
10514,8228
21752,31495
53179,23158
26023,11088
53034,16998
29711,28822
23705,21417
34921,20970
47948,26056
19068,11101
24096,20606
35496,13386
56972,11211
41448,26404
38434,17279
20239,15958
18883,8912
27885,24077
56779,11774
35640,22707
40452,26921
3763,7642
21927,27306
45917,26704
9666,7697
56376,16040
38497,12086
26402,22385
41225,20736
12258,5373
3276,2948
7880,17467
15301,22085
13123,23181
18308,23390
15899,19982
56112,12962
11992,5861
9382,7725
19730,26439
15177,18008
51907,12799
22468,23654
36502,19659
38158,7941
14822,25766
12879,5382
28194,14864
12875,24458
41523,26972
25206,26842
55658,24200
51631,21702
48271,25755
41479,14427
30841,30040
52765,8494
35246,18655
22931,21493
52272,5686
29000,5006
15311,6524
12772,21051
7237,20060
16462,7247
32506,26252
7806,18528
14696,24737
8950,7134
9489,15483
29614,7033
39670,5764
27793,6265
6160,13823
7533,17002
8496,6575
40590,15770
12524,11661
41814,21855
22545,25956
12719,11321
7208,11592
9673,6703
15290,13341
53505,13583
54862,22750
27872,17614
19639,25211
20754,6964
16144,11160
47091,7728
4015,22651
17279,12277
55903,9840
14204,10748
22741,7190
47895,25479
12797,22501
56832,21520
4980,16789
52756,18568
53654,28669
35506,11499
43151,8528
52160,7677
18954,6509
55666,12505
10368,18536
8294,13350
36524,25505
33625,9252
28861,5841
26421,15745
16301,10628
50719,19828
34575,6774
35441,12632
39122,9941
10322,3740
14052,17616
52043,11829
8571,7755
16288,18461
20887,15436
10945,4880
16791,5526
32241,4479
8769,17709
56358,8447
55356,23569
27960,17885
44188,6585
6215,4935
33307,8989
20100,24304
37888,8016
33580,9402
35035,26893
20711,10002
39784,21024
53549,6657
27447,25320
36712,5250
18986,9396
49492,12947
8151,6845
26879,14050
34464,19317
28471,11693
20020,26528
55710,24557
55302,25182
53406,23567
28403,16742
18794,7803
20925,12401
30445,7690
18113,27099
43726,27119
15887,21112
12691,23861
34164,13540
19153,9035
7114,14133
13418,24758
26304,13655
15645,14832
27877,7961
54049,21876
54325,18439
5388,19373
35455,9833
56144,10838
19247,17834
21003,8767
11984,26852
16436,13263
34216,26601
57618,8444
20005,21111
7703,5484
36086,16776
26812,24616
24498,26456
25168,24078
14586,21170
20783,17179
4401,27395
7587,5506
49216,6020
54508,10737
54209,21844
50770,17343
40115,20995
15386,15460
20002,13358
28659,12164
40410,6050
7813,5731
7741,7985
13286,11780
56723,11878
9315,16474
14411,7456
7199,18128
51965,18998
52871,15916
13881,19926
49927,8170
36435,9174
52293,15485
48983,5376
48996,27356
47734,5648
15969,13366
45724,24928
19990,11169
43992,27012
45583,12339
29551,4103
54348,16022
13491,12149
21078,20596
54566,19441
38884,13034
35776,5297
54998,5075
20543,7954
19503,18536
40123,12982
49231,13865
22326,11488
35410,6255
46416,6521
10460,8578
47140,5108
4598,7571
53434,13038
26147,14102
35205,9154
17897,8382
38738,19066
16693,4657
57211,24266
52020,20792
46159,14272
20360,21057
37437,4485
6232,24081
51222,8682
28929,15841
29333,26692
8627,16470
35555,13911
48278,5562
35210,29037
24714,23728
48605,15061
52118,20921
29079,25535
30036,5946
51315,10479
51291,7080
52737,6464
56600,10184
9242,13352
50643,19777
34780,25936
50359,7556
39861,24933
12935,19282
8377,20848
16780,5973
51035,20812
40825,26634
36920,17496
29231,27714
14915,7787
46300,27069
44563,8063
13340,25778
28550,13532
55560,24208
6673,6567
38182,19693
19220,8790
15729,13236
38210,11771
32623,25987
34987,13870
52651,10591
4446,22810
16430,6590
48044,6125
35605,20263
40939,4876
39165,24527
48266,25649
20090,10350
28695,11014
50781,3286
30451,29517
50356,8261
30668,6759
53372,20407
26117,5348
41803,14217
19659,25900
17177,6859
13465,14236
52542,12078
42369,19457
48371,7704
26723,17551
35724,11047
22002,16778
54443,6840
27570,15926
48025,7191
12467,17105
28807,24498
33385,11550
15189,20905
53741,10906
13236,25820
28667,25690
36326,6667
17768,24170
54527,31153
56905,11533
56899,14848
54310,27178
7503,20390
22678,20811
20437,25212
19216,4656
53076,4816
6823,27037
29169,23002
3794,5947
38542,17207
54278,11013
8148,14398
41697,20509
52541,11180
13128,7731
21455,13345
11453,27654
22977,13143
57434,19457
41512,11754
48085,6970
6185,4731
17798,7527
27219,20631
8333,20026
54065,17824
36164,27736
8467,6999
49350,16976
23970,27326
26454,5204
56257,25026
18199,27476
28453,12924
7606,12272
22372,21495
28123,14286
18454,4772
56736,9272
27141,4827
21082,25397
40311,8177
29188,15174
19889,25387
26258,11471
51617,17638
15309,20641
25364,12358
19841,18286
33198,24679
27095,6466
46348,14277
58161,22819
54076,16966
6846,21030
35501,26721
15061,13474
34855,6870
27132,11126
14112,23044
11179,7537
43323,27853
22554,13612
56021,19322
28498,13928
26815,13566
53932,23184
57703,23975
54472,6901
40798,11135
60894,27179
28158,21541
32723,6701
48245,25449
35618,21538
8214,12016
52925,18835
32625,13428
28082,14969
49760,17539
32764,7926
10009,22047
27260,20227
55022,15013
30027,28761
45733,17127
13215,13555
20030,15408
27408,21018
51626,24745
54801,11475
42111,26399
27727,25768
53447,10462
33413,16000
42488,18351
54225,12553
47114,19363
13188,4989
19987,7775
10302,4974
40654,19309
29287,22586
21944,18973
14934,7922
58499,17150
43851,6738
33700,8455
52014,13230
14459,22961
53456,9049
8612,31234
53506,16888
10239,13201
37329,25127
21758,11645
33453,4855
7938,13036
61074,7730
53344,12842
42891,27069
6906,14816
18847,6748
12548,18785
20572,6029
38400,26508
53089,21437
9712,7482
20304,24788
55299,18789
17741,25560
41536,18314
37869,26560
39926,21538
33306,11337
28119,15079
49145,5643
36351,13032
21152,7786
10079,4761
27918,14454
13015,13077
46533,28558
21750,5110
16461,7018
21361,18056
28664,10735
21002,5416
51175,18174
40745,25096
22522,12794
35357,11635
6295,18445
18398,5809
54671,6130
51553,20711
55145,21887
49369,27489
12788,7589
27174,6437
9225,30321
55164,16628
42636,21662
24100,9737
56057,24506
57575,9793
55356,8326
35244,4522
15796,14177
54881,21940
49243,7372
52128,6159
27717,6907
25963,13951
34023,25737
19429,19873
6135,11547
10745,28265
28657,25581
15195,22648
28535,5992
27318,24453
46302,25958
53139,12461
17407,8312
34992,9429
49313,18963
12423,20036
44809,27847
31747,5180
52711,7966
51727,4636
40608,20359
24318,26953
34198,15694
54345,22318
33800,27299
30094,6009
53537,18871
27971,23736
12677,25754
7110,16500
20276,26445
55741,24158
13247,20116
36613,19613
23256,27207
39076,17757
36698,4294
5943,7544
44612,25323
54472,14704
41383,7030
11938,8061
60357,16417
8535,18845
8885,10998
40993,13045
29385,13264
55630,22391
55323,18197
25465,11754
7933,6033
8512,7340
19161,21316
14360,25969
16984,17900
34121,27819
14135,26467
16459,7536
14892,13074
27626,18257
19074,14477
53035,13888
23857,16141
35633,18374
23964,24905
38771,13410
29348,16987
39925,14180
50316,10490
38943,10421
37707,6298
20091,19451
7211,8549
29155,23369
42655,26200
36410,7169
16147,6116
9070,13121
39520,5066
48706,5588
55220,9105
55851,10390
22686,25614
28786,15774
34476,13611
16527,6986
53619,22724
7539,19909
20538,15625
47761,26489
26585,25600
37920,27865
13339,18735
56011,21284
44114,24132
12932,17216
54341,14582
7712,13225
35559,14426
14870,10692
10174,6697
41377,16530
44758,16804
13056,16559
17254,8001
17963,11515
42157,26544
42591,16155
41606,12754
52545,11921
22266,17338
29218,14108
39220,24326
48759,6925
8301,5865
49162,13705
34635,27597
41694,21839
40970,18171
26176,16485
8263,9961
37718,14776
11213,5257
4334,11156
40347,17281
57310,10521
38020,26360
22966,17877
28080,25446
35380,27317
28054,18076
37587,5474
19068,19038
12050,5610
20935,16341
48850,26512
13982,25029
12551,6688
13116,15361
15242,11335
9017,5951
28649,11989
36080,20252
5923,19869
61021,9165
51415,6265
36700,24692
22761,5350
41196,26577
27032,6756
50205,18941
38059,24277
53252,9473
41588,17302
12877,21074
28201,14763
47598,26169
11774,5800
36435,25809
16479,22278
29425,10690
19688,25315
21003,18458
12757,23897
44814,25950
15821,23186
50760,17316
44895,9096
23271,6346
51936,6589
52804,8191
22656,8193
57968,20382
24358,8692
52459,10644
37344,26998
20317,17161
40863,5673
13258,20952
54112,19422
26825,25802
22473,17070
29388,12908
55557,5671
9895,29843
27937,24190
9373,6654
17056,20657
34044,25645
16065,19202
52151,17177
35908,22047
14036,16003
8083,7180
36449,10685
9395,16055
21162,24921
15061,11144
7622,10434
49196,27821
7126,7099
38885,10954
55985,10247
35003,27327
32563,7537
7052,8804
18101,25578
53699,19940
53735,11824
56626,24332
22599,5888
13199,10957
14873,20562
22575,8961
38540,12137
20203,20157
24869,9565
38473,27751
19219,12124
51739,6455
53384,7468
6486,25230
15859,5768
43692,5750
26643,14050
50893,20133
33587,7591
19839,14204
4181,11474
49240,18442
14777,10920
17816,4687
40210,27435
19291,25386
54144,4550
41499,18947
14961,8659
22979,19263
43351,25924
58536,16509
14833,7919
38371,21607
26130,27366
51702,8314
15721,8608
34466,9256
55153,9628
51575,13166
42191,16376
13821,27420
33967,11432
33861,10452
34288,24103
35162,10524
57920,11733
19608,27501
19532,26045
20007,11080
25242,23630
21317,26776
19635,11170
51381,12578
40255,5877
8414,13055
51849,11098
16348,7362
42062,13224
15432,22748
35743,13611
33300,7009
12665,5980
19820,9916
21454,21257
60300,20950
49738,30982
45541,10891
17849,7620
26152,21224
38556,20378
34602,22152
28149,13352
50704,7072
13940,5145
51947,11416
55743,21046
15909,21919
33225,15269
39818,21488
50924,5404
32044,7601
7933,8691
8781,12811
42129,15280
45081,26682
6606,10187
41330,17626
48070,11375
33082,11717
35035,12720
35023,17885
20336,17768
43631,25228
40010,19030
25178,23964
9493,13936
26373,15808
35926,20952
3277,14148
26191,25780
12817,7760
16320,23356
27305,26261
60901,21762
28831,13541
28792,20606
35491,26562
38356,7007
23160,25982
19713,9141
39722,6154
48942,6511
36501,26972
49825,5959
51326,14463
51658,11483
21364,16435
51018,19470
54199,8669
14427,22879
51610,8689
23918,8082
34861,19474
52289,19343
22961,16927
52783,11405
53268,14083
22997,26865
7158,13872
33333,6261
46805,21411
19430,9426
34084,7540
39217,21007
32149,23808
15205,14809
21425,11471
25138,24086
23849,6913
33517,25436
55422,22377
6647,17457
21589,7550
19529,7654
16257,17806
28191,16935
33557,5590
50344,4967
15374,12720
28005,18853
39119,27480
19187,12722
31124,5005
57105,8102
29098,6451
8336,5215
54622,15342
38529,21283
61366,20752
15615,23546
39967,21523
12735,11186
7217,21364
34740,7141
6783,5488
14887,13712
22083,21497
13001,15528
19683,13156
6572,7693
35635,9255
52727,17862
38802,15997
49286,16233
15440,22971
7862,18257
14316,25568
43270,28038
33883,4860
4079,8465
22363,27660
55670,22040
58484,9444
20641,25792
26115,15661
38867,31780
40908,26603
41466,19156
46241,26161
8486,29713
32495,5585
23928,23916
36863,20263
55745,10764
9824,6385
34805,21873
21889,8484
22890,30575
29390,27528
48459,8207
56753,24477
48130,6006
53065,21245
34224,11409
48809,25558
53757,5572
36632,24319
47985,24577
47216,6186
21392,14611
53983,11367
9758,5453
38612,27604
14036,15017
49081,4968
28957,23809
22323,27367
33948,15521
21963,7398
19829,16886
52698,11579
35919,6169
53160,8222
44027,25527
53333,15832
24125,3720
29453,17770
16220,18583
53362,18619
51822,6654
56025,7723
40172,10687
46761,15068
9352,11145
56732,6552
37107,22347
49660,14037
40386,12819
42714,25926
14683,20418
55967,16658
29290,23630
51889,15027
55156,15500
27789,12289
33460,11715
37503,21286
44803,24757
18133,7570
18675,25718
27539,15244
18979,21329
28783,6118
40586,21684
7317,14170
52267,20610
12492,17384
15051,7071
27606,15228
41887,20403
41384,7089
51410,4737
41712,7911
46890,28182
19280,10389
7933,19103
48449,6871
31387,6760
47846,7800
14132,17848
50835,6427
53520,19669
6813,8677
34456,12970
34313,8605
10457,25466
13843,23719
30684,7921
31584,8056
28766,8153
22845,16527
22932,21584
40804,5962
28658,10762
51846,13422
12491,17692
17194,13268
6848,19088
6366,13984
36772,24661
40386,18022
21524,12766
48855,6174
41936,5969
35354,21130
48266,14567
19991,8093
52392,7745
32911,7143
51370,9548
15967,14280
51866,19309
40919,10644
54838,5089
27160,26046
26964,21658
29215,25413
31840,29860
42099,27524
41281,10523
38779,11072
14128,24210
20466,14544
34755,14123
7085,11066
55095,11032
49489,13369
55109,24516
53540,12759
48548,7211
47520,19901
35001,23523
47905,26170
27888,25281
25800,14191
16457,20218
19499,15459
52095,16297
35873,27057
20326,10867
19596,24369
54935,8038
7539,11461
41968,6513
26378,27296
27376,14316
23550,27520
13871,24222
16382,7372
53563,10055
7082,10447
15386,18042
1588,25104
14435,27002
20612,17746
26155,26245
36895,24375
50491,16814
20833,4933
21592,6336
8100,9034
19662,25737
14625,20602
53405,7939
33689,7917
52414,4983
28309,25955
56401,6442
35241,10586
34343,11339
15864,5274
41316,16024
20088,6830
42137,12858
19264,11879
47365,29877
10419,8329
17182,26681
33315,12316
57254,22771
39424,4912
9100,20637
49430,18011
52654,20169
26459,7635
39526,10821
27649,19888
19242,17961
46775,8003
26825,20529
21209,15843
22925,7116
42103,10171
53316,18501
19324,12059
20299,15283
41849,15563
61220,8751
36929,6381
52430,11474
54249,14552
39300,22158
53422,9448
16958,6716
32557,10732
22663,15118
20055,25429
38285,5202
22519,17900
36220,26709
21002,15373
3479,5501
6715,21082
54360,14649
38851,24941
53554,12506
9035,13442
45402,10424
6665,13877
39375,18599
28291,11494
22973,11506
12738,13337
21860,9310
24464,9322
41229,5977
23255,25675
34625,13522
49143,7395
25147,24823
46378,27481
40979,26054
33434,11028
55065,7741
40676,11414
54353,10325
48104,5912
51457,6254
49887,16129
45899,27479
20319,25223
42273,27354
47107,8712
33240,6969
34017,10143
20841,8108
28489,22273
4880,15193
33582,10776
52643,12022
8781,21414
41066,27775
55544,11001
18844,23977
7244,27560
36957,17060
27897,4615
34477,26008
49188,17714
19205,11244
39317,9364
34456,24243
9724,5178
54890,8725
25712,24782
49044,16585
56160,9063
22720,10469
33893,9826
27344,24329
37808,3932
39972,26382
6007,11806
29763,6630
27798,24724
20856,8655
50403,18047
42057,27672
49369,6569
25822,14143
16372,15060
34441,11750
36845,21624
13956,16787
45195,25771
42437,5302
49767,15331
49178,6740
21706,9722
35878,19948
51043,13433
56667,24507
12989,16344
34967,9613
41632,26910
8876,6872
53116,20285
7348,10755
46020,24465
57453,20481
19831,15888
11855,3952
8946,24734
35318,10262
55282,8027
54775,6606
54262,15964
18393,5335
22865,18800
15150,25457
51383,20131
20092,20248
35225,9123
40358,7213
46585,7170
51817,16120
41942,14734
51031,20254
21266,20709
35332,18992
47006,19254
50359,19988
34750,24927
13355,6863
38089,6484
16304,7064
14176,5400
33876,27829
39773,25350
51828,15248
13743,12693
51927,12466
16411,10612
51346,19524
49135,15668
28423,26736
33736,9478
30557,5849
34797,4712
19711,12646
19171,14372
26360,11363
33512,7509
36932,4825
57140,10597
33845,6251
39668,17022
55054,12157
7681,13843
26855,19134
33501,11439
35740,24126
34584,15308
37194,25085
40908,27972
16233,6723
13195,27459
18543,24730
52438,8949
30934,7618
41135,19841
44134,26800
13276,7833
35516,21702
28482,12973
17507,14178
15472,7775
35007,11983
41560,10143
36703,11682
20277,19483
15262,24345
40818,27836
15324,22969
32481,14109
8698,5935
20179,12677
19808,26956
20897,8064
52090,16357
55203,21013
28337,26381
15456,25146
40557,26038
49773,14430
6855,15029
15952,15210
55873,13627
20604,11691
55155,12562
52202,9326
29332,19102
26239,23315
22050,14535
63479,21583
38493,16744
6613,16551
29057,5509
59797,12658
35554,8726
6264,5745
38232,6997
40400,26314
16744,26018
28306,21168
36508,4579
14750,8491
56106,16480
34604,4792
24397,24971
19566,7866
35468,14641
41454,11679
49372,27737
9055,7799
16948,25927
42117,12595
42272,25679
27980,16530
26212,11858
33682,8357
17629,7964
29307,25227
19745,25147
41688,24156
38185,13054
23951,25802
6075,13340
28938,5950
57047,8589
7768,15023
18106,10724
42383,19494
14202,26524
15668,12745
43730,26096
3800,8208
8048,5490
52062,19001
38029,7155
38253,12750
32092,6652
58875,29974
36109,20890
12481,21235
50671,5499
33378,15132
26101,23937
35066,10368
16036,15058
41418,26012
42247,10889
20086,21542
40835,6988
8859,18238
27820,23304
55710,12352
56102,24712
53941,23740
16185,18060
49042,5837
61402,8213
56346,11951
15903,20618
6198,16144
48907,24017
41715,13897
40511,15077
37918,7246
9093,18587
54741,2480
35095,24985
52680,7749
45930,26479
35008,6513
33068,10520
41736,12258
47326,2383
6558,16888
53856,27882
13230,22933
51813,21054
62940,27482
38252,27990
16197,17650
28421,5774
57043,23987
18054,24371
44920,26449
17145,25364
15019,8452
15898,23152
44783,9116
25151,24309
19068,9570
22035,18190
37968,19187
52237,19893
12604,15348
20010,8964
56266,12114
21154,25090
27911,25850
46740,7603
13018,21155
51577,29589
54914,12112
54077,27673
19591,11414
39470,5748
16186,5239
53871,7349
16213,23909
34650,19292
16394,27061
26730,5707
56539,9441
23695,27092
4212,10636
44064,25885
46666,6924
15545,5352
41253,16445
33046,9412
36473,11318
27706,7120
5954,12306
32987,14242
56036,7974
38519,27712
8390,8468
21240,8503
36860,20503
46095,24985
21644,20093
50076,11315
14287,13784
54339,14182
28821,17609
56542,23372
39200,12091
53253,20035
12149,6308
18576,5217
7726,20735
55510,24796
53642,16599
22722,5552
14922,18196
57443,19527
7814,20005
10504,28543
26511,4596
53861,20771
29204,26244
33051,17278
5962,7805
35064,14344
51965,17650
28458,21245
22170,15301
7692,20953
35129,23939
33921,27633
40340,5261
43148,24311
7285,17421
7789,10469
38682,7221
39616,5327
52417,19005
27480,26799
41113,21687
19329,21561
14101,21825
58015,22666
46776,7745
27682,19339
26966,21143
16238,25601
54042,22427
41006,31160
52776,10813
15732,15206
48294,15575
38605,21586
50206,14916
19563,7438
30970,6744
6015,14760
27110,27454
39320,14202
3983,7862
45955,14675
21935,19439
50369,16927
34852,7936
31699,5697
37057,25263
50956,30717
47180,18666
6603,15619
39756,7000
33588,12708
23661,7364
7032,4619
15359,27600
13047,7060
44878,8570
22723,14159
29451,16804
48839,15423
52252,6926
16028,15215
40073,14502
28725,12994
30873,4982
37956,28199
21089,20491
36038,19443
19292,25000
14223,13894
13180,5886
25706,23932
22844,23603
55684,8418
37653,15679
29340,24399
38270,19084
41694,21142
34567,9498
25602,27135
41159,12001
22961,8605
19586,19689
44971,25423
14994,12196
42254,7853
35297,14935
55586,5982
27397,11904
46775,25805
53494,16244
34568,18328
20283,27373
35874,10994
54992,19242
34911,6613
26037,24389
36165,27043
7630,17632
36031,15285
55653,2489
28914,16868
28188,12997
54826,22241
33114,27758
40025,7440
34297,14912
21319,9848
40394,19250
22454,20392
36053,7224
21523,5431
7993,29425
47779,21169
18283,9932
30001,29081
20390,8618
7219,10154
14175,8401
52693,21201
13409,20991
26519,18128
16431,6440
15280,21206
38560,16899
28279,6132
37284,24333
60138,11321
14642,26651
49934,18480
42146,24114
39139,17726
35053,20609
21983,17399
48638,5575
26156,12563
31457,6546
20205,14447
51686,18515
56001,25530
41106,14791
21550,14671
6244,20275
12873,7673
17423,6948
56715,10216
6839,3894
29176,4936
53906,7610
53704,6337
25296,10722
39109,25629
13958,23876
63123,26845
17103,5599
18541,4631
14465,6808
47014,17704
33219,12791
51960,10733
15899,27689
36063,21556
28210,27412
21572,21002
56429,8021
46507,24999
29145,4654
53200,5650
35923,25072
50960,7522
26573,15260
16012,15265
52513,9082
18475,5165
5841,22253
40889,15225
41703,13371
33481,6409
12148,26230
40104,17698
26448,26487
54658,17212
21953,26341
37021,20702
47637,24970
52297,21910
6816,11994
36633,4321
53139,7117
19211,12149
9562,7155
49521,7643
16145,15732
5605,31414
51547,15484
14765,14146
35411,11932
52673,4969
38227,26336
28707,14128
32828,29197
35464,9534
9038,4882
16574,6799
41008,16379
38161,28197
7325,15036
34657,24131
27549,14884
56695,12227
15784,27470
55047,4763
13767,15550
8510,21337
9476,14248
35655,14938
36398,11325
6431,18850
20743,19176
42277,4260
55985,18083
28760,14480
16452,26233
42301,13302
46112,25861
15082,5626
27266,25843
54429,17077
46010,25056
22407,14642
22534,8186
49481,18313
21929,7482
7076,13744
54064,8021
46212,6948
17409,12249
41393,4601
33591,26154
39380,15886
35860,11866
45907,25207
15968,7072
29533,4517
52466,11009
48507,5802
55707,12498
51524,8500
17363,25959
40838,28768
6521,8172
21067,27653
13548,3473
41509,24651
53086,10842
44472,15193
21579,13007
19946,12483
21737,14179
35980,20239
8737,19021
54400,8824
16732,23779
39619,12819
38693,22851
17319,23711
16184,21755
52306,7025
26502,19715
37395,15798
16805,19692
25146,24573
12436,7334
62098,6510
7775,16994
34564,6854
41163,18763
31582,6003
55286,15972
12974,11937
42376,5027
7746,7728
33528,9612
56563,6654
36379,27583
27133,25543
37370,26842
32764,11016
34556,7693
21436,5543
33680,12699
40082,6018
57856,21890
50100,8474
39356,25990
28216,16668
21403,18220
7139,11734
34338,6572
37027,17663
22417,20581
7037,19866
46724,24608
44597,27247
6276,8542
48659,5957
3634,5246
36031,25521
51399,8440
40910,4918
14257,17596
48457,26130
40584,26297
17713,7450
40571,24907
30182,8112
42266,10629
25495,24160
63352,6227
40031,4434
46109,7539
29264,23421
20570,7368
15009,24594
10717,3190
14015,27421
53718,8788
31519,4180
33512,25985
14238,17849
29204,4204
56040,23153
60377,11440
19798,4680
43652,26098
52256,14338
6702,11585
43869,6444
15080,6188
15246,26842
54609,11008
8909,16087
61430,11268
56088,8623
36071,6949
53631,28225
41898,13131
21408,9812
34954,20753
29797,5374
33312,28628
53862,9184
40705,17491
27027,4988
48301,5945
39344,6290
51076,30319
50621,12082
19782,12950
21017,7940
39354,25206
12974,5596
3047,18462
20175,10176
39009,8119
22784,19030
32559,16069
38839,15209
25099,25317
50124,17293
48924,7202
35918,21636
56304,13907
6764,17554
19986,4692
10695,28766
34684,26366
17812,27247
23394,5978
45475,10986
8861,19564
36967,7034
56489,14772
53620,14496
57847,18024
13308,26962
41184,20845
21484,17246
46871,6031
16472,10962
23714,25422
6194,14021
15002,17763
14119,7507
36491,20523
33815,12779
21384,26611
53109,18465
35272,4464
26329,19516
56358,22422
12320,6633
13119,17865
57142,10597
6203,15366
38087,14644
35735,27408
41306,27494
6772,19677
26010,16485
20051,24788
35057,25040
41151,5103
33696,15394
14115,7747
54572,15196
20814,14443
39227,13228
22030,27079
21765,23791
53156,21288
13492,20052
19625,4995
49971,17429
20663,17697
12173,5465
20024,11255
22828,9326
40403,14774
38418,21586
35251,8074
41260,20064
53871,10259
42707,25693
28929,14010
28974,26430
54421,22662
44348,26427
57840,18469
36139,20695
49477,8419
16011,11905
41343,22087
17115,22975
54713,22199
54769,21008
39702,13149
7001,20005
53417,8563
39855,7611
53729,28539
34741,12875
23502,26528
33378,10068
46452,6161
10345,5571
47077,6451
16419,15611
14320,17720
35523,8379
7094,26989
15359,4430
5415,19566
51603,21213
52139,10044
7840,13725
56991,11945
8023,19071
46676,24377
7997,11898
27699,13423
37724,27984
35525,11321
52582,14012
29130,8156
30828,5751
54249,8991
26139,25890
13266,13604
18981,21648
6897,13317
56463,21940
38399,6416
58008,22907
55022,15059
25152,25628
22729,11375
19142,9691
6756,15731
21822,12527
54822,5044
15281,16336
5941,8644
38835,26451
36385,4760
56252,19335
15231,18340
20636,20772
55633,14988
42361,6282
63209,18098
51653,5700
7252,11530
37498,26730
39183,17205
50888,13299
27563,22033
39680,19547
18388,24008
12575,25465
14267,23052
36423,21902
54299,3398
10246,5289
60192,24456
12996,11231
35698,8963
21380,7758
8882,17405
9383,10341
45394,27676
10574,6115
62603,20633
53703,17553
22407,8553
27737,25801
22442,25349
33655,5668
28673,13855
20994,5997
33616,25419
34865,21396
15688,15930
44356,24591
39277,19287
52199,15949
14740,7947
17433,27102
43639,5690
47343,17771
36876,21540
6892,19997
61688,6521
36563,28198
7512,8724
37383,7522
60777,19871
15583,8053
12387,25505
40502,15934
38769,11627
27744,6618
52399,22342
14037,23918
7750,4750
29772,7471
55575,9612
20129,16002
51588,10957
35416,15361
52653,21642
32998,12561
32969,24522
13333,22734
37786,4352
48443,27409
28416,16332
12816,25932
26749,16873
38937,25444
11056,5270
12653,6829
18010,24703
8463,4979
53448,18489
53989,5164
6086,13219
47606,6038
51667,18632
24947,26673
15791,13481
54066,5774
50965,8204
3690,7651
23239,23429
6043,9562
60515,16977
45773,24889
38750,25665
27420,11946
37063,26312
7614,17621
57484,9979
57088,20760
8362,7067
59375,6089
22689,15216
36743,24963
36022,13309
54848,15463
47588,20938
9317,15477
54955,16089
7217,17954
7994,8014
55932,11212
50914,7873
46382,24241
45580,27233
17250,6090
12981,4642
32869,9254
47525,30919
14239,21291
22991,23834
44649,25914
37945,4388
53053,11685
47212,19022
37595,25956
31249,7427
27262,14494
13475,26528
33810,26584
36396,25230
12996,15044
40082,20290
19077,21337
59679,25773
48437,18617
22480,4850
40976,21369
21373,19306
53873,6986
55366,11761
36303,19840
33235,15688
1464,24441
20321,27310
36234,22004
47240,24597
37078,5082
25018,24258
26142,13828
52532,4788
39275,19602
34644,16070
52806,21900
42740,27152
53043,22331
19131,17914
19084,13614
7803,29612
13429,16114
3710,9835
6878,21613
7327,28141
40895,13140
27573,14561
61901,6814
10570,6218
20555,8336
33154,12262
22439,9710
26345,26230
56633,19897
9262,16242
61069,10277
13720,14676
21994,17742
44027,6401
15024,6225
26677,12315
21162,13094
48573,8219
53975,20575
16340,8019
49654,28523
41626,5443
52703,18017
19874,12116
5331,19082
32685,5264
7568,18890
21117,15766
39603,2291
42132,14287
60497,5752
19239,5345
50743,7936
8859,18726
53247,16958
57242,10467
27511,12918
18056,5147
35878,24697
6654,17050
39286,24327
17011,5997
13804,25381
20039,16109
55221,15234
49002,15081
20572,8381
15084,16808
35491,19758
52764,16925
48039,22663
41269,20975
42513,26234
37246,21793
23251,24180
51811,6936
34366,7275
37165,25237
17630,5728
2900,20243
42454,6816
51077,11701
8598,5612
20787,15812
40008,27667
4021,26813
13896,27433
20462,26100
40149,25511
27395,15503
36669,25455
15405,18743
47877,27785
47560,7270
21676,30926
21000,15949
39769,20877
31523,4838
51248,12759
36998,24624
21766,16120
13316,11793
21087,24586
10248,5725
27869,23313
16964,7650
42439,6707
38389,27973
20883,21113
25283,11716
28657,25943
53376,19634
21117,24988
18385,26200
42547,25968
29460,20993
29141,22464
38255,6064
28496,16386
56504,8629
53416,7417
6041,12855
23647,26381
12977,7854
52835,8641
53320,7565
34115,11012
38982,24771
19606,25761
41375,4195
47527,8299
16666,5390
18024,11015
20272,7609
27776,13429
52575,4718
7405,20663
13475,25424
36433,6039
36490,24652
17252,7954
55854,22757
40633,13196
41939,16433
22966,24132
22407,19681
53398,19875
42366,4414
15352,27309
6222,17978
19528,13800
51659,20541
29008,11543
45523,26635
54743,6040
23002,27525
36956,5211
29408,21486
22779,18141
32958,13455
54835,22470
29280,5291
4037,8448
28765,25290
42488,18878
51013,4854
13971,18093
13282,25224
23100,26859
51216,8324
13035,21011
52534,6024
33891,15226
8835,11762
6767,10909
13431,7289
38386,26355
15494,18014
13858,31462
19652,24533
54663,12892
5145,18183
14515,21092
26213,23100
55394,17158
35670,6008
27412,19411
32435,6535
13512,8526
11447,5875
40114,12337
12962,25202
40151,10544
31570,6493
39983,5626
43044,27192
21376,21697
8507,14074
26560,5613
22507,7620
53669,8046
20913,26471
8464,13471
29485,20395
4000,9539
29231,26221
26125,26249
36092,7933
18543,8416
13271,13953
49074,6472
6084,8774
38591,20192
26117,11863
19629,5776
27444,17338
36975,19704
13528,24554
54843,6885
32663,8222
53691,14808
17910,7805
54271,4748
47250,20229
15134,25938
56697,8284
28623,15221
22996,15717
58734,15896
57827,24134
36983,26886
20737,5871
40363,17373
36210,24280
53217,19745
9008,18203
55973,14222
21568,30771
40314,20708
42280,16819
55979,8527
61093,2138
26239,17157
40417,7914
37415,8189
36370,17603
11848,8366
8576,11416
52157,11787
10571,28994
34660,14070
22877,17121
14530,12823
32427,30181
12374,5248
38454,12921
20574,5939
48620,5091
55676,7673
32959,9127
17937,7190
35481,26260
9349,29900
51016,30499
14404,26734
47244,27093
12990,10750
18411,26017
12389,8171
53188,17639
53637,2563
50873,11259
39157,15824
52676,15760
13521,11569
36817,28050
39602,27937
27707,23638
21200,20306
19152,4845
5547,19868
26685,16851
18913,14410
41838,25054
26204,27197
12760,17675
56342,7485
18724,6473
43302,27126
34083,12649
27909,18684
35239,27667
51496,6414
50344,13758
13097,17532
13092,24095
15411,7757
29070,7720
5993,12811
8045,17071
21972,15240
8695,12259
7989,9437
8971,17040
21971,25985
29265,20309
54934,22552
25141,11052
17141,6821
33548,24834
27192,22310
14250,25607
17015,25416
27758,5841
43183,2976
22628,19766
7614,6978
48310,6777
48590,14647
15455,13914
58303,16372
33650,4421
18072,5806
22127,11609
39085,21519
52592,22553
12902,19148
37416,6284
50923,13259
17375,12678
25092,10053
13801,24556
39460,10174
32582,13536
42201,13779
9108,13211
18941,9376
35683,26890
18135,25106
39839,5009
38063,26695
29950,7557
29696,5678
37660,19403
25175,24984
6018,18938
32709,27356
49757,15033
57083,23115
6547,24061
40792,17703
37746,15494
8570,17275
47426,24711
38452,15283
22706,9531
54835,23761
19119,6849
28958,20983
39098,20142
26189,21615
14803,21601
50215,4634
14046,25039
34154,12023
34415,25670
49632,16789
36514,8187
20090,19072
44408,18721
14761,7348
27538,11509
21656,19271
48773,5590
32483,11208
6621,17408
21484,26854
6334,13142
19778,16056
44669,28001
28198,6379
51223,16952
20768,20698
5325,29870
15810,11081
15127,13037
53224,9575
56008,14702
39900,14647
15657,22124
24445,24060
11656,9264
5636,19706
4302,11266
19265,16227
28619,18618
14313,18741
12516,18161
56036,14675
6319,13796
24291,26019
28602,26241
18678,25467
53728,23183
12425,8504
46770,6727
14422,15646
8738,15156
42245,25342
17065,15506
15277,6559
39597,10270
31627,7350
27287,23357
22759,20386
51602,21838
21768,21427
15778,22965
55991,5442
61655,24173
47066,7228
13584,16045
34810,26910
11474,27283
6452,8953
37239,20735
51509,5091
22441,10993
45924,25378
46276,24666
11466,27171
37027,5172
26759,6321
41875,21820
33000,6937
29231,8085
56287,15088
7266,16586
56678,22667
34687,24790
48726,15373
30701,7272
51384,20394
20608,10321
20450,13222
41402,18371
40331,10411
21709,6058
10441,5645
16702,24968
49988,18158
8146,18241
6002,5127
18283,5982
54700,7123
55383,4936
8113,15598
52294,14629
51610,19403
13795,26191
24016,7566
13282,19157
10830,7900
39863,8665
13058,6381
57890,31582
15438,7648
55383,6510
39800,25037
9114,6910
33968,10454
15661,19493
21189,13016
49050,6884
41954,26455
23825,23814
39452,16760
12473,6007
29808,6935
9229,6242
4169,9165
41186,18303
8569,12136
53538,20172
55041,7746
54289,19939
18350,4643
54366,13732
8717,16551
22368,17345
54484,19108
37282,6438
26967,22418
50926,19651
26604,24632
55965,17775
55351,18866
32684,13963
63032,27596
5354,18616
37524,18333
14958,19112
12709,23725
6570,18950
40549,26351
40390,18805
40283,14437
52024,8222
9042,10721
20885,18146
14394,7754
14952,26436
46254,27467
9475,12887
14822,25211
7237,15422
22213,15850
44574,24727
8407,8903
15820,21216
20253,9380
13371,26136
36921,18116
51481,16755
22651,5071
36209,5703
33539,30849
48956,26118
50977,19328
12515,4841
43787,6382
6366,5361
51308,25864
38565,12686
19274,24928
48839,7404
20249,10135
34946,19999
57439,7116
27262,6148
13656,7484
47497,5782
29322,18345
14196,22286
45054,27652
32947,12884
20518,9117
54159,8250
22783,20132
19142,10676
13949,6765
54000,23236
40374,15917
10129,7414
6648,26046
37232,8104
18040,13050
14652,20882
54141,14953
48880,6006
61001,9978
22450,27266
27283,16247
10757,8189
6589,14480
30693,7406
7719,12989
6400,7408
19096,14941
18532,8243
54425,5429
41372,16732
46888,6403
40613,24104
34897,5371
15331,26310
33428,24819
12688,19953
60238,11558
56454,5994
26391,24593
56353,23326
7321,16113
34372,8122
47798,7623
40470,12380
12482,14013
23998,26612
40646,15700
56623,12407
22445,21288
32580,5427
35912,18137
11598,22889
36879,5367
20475,25646
20990,25212
51364,14879
28774,26813
49545,6511
38109,6099
49730,14671
41529,5707
38668,17064
28328,17779
39863,29103
15848,6925
13975,13143
28506,12301
6521,10761
42119,11111
53750,5288
10576,8256
51736,12101
9479,21247
15486,19459
26520,25722
14090,13196
35787,26196
38588,15744
45859,17830
51211,20371
14467,8182
50882,15886
35964,8726
21211,19392
35600,5711
9244,4963
38571,18047
37288,26269
16886,24767
13862,7079
32819,10224
1495,2773
17450,27486
3789,5923
52066,13620
41525,21848
13560,22932
22537,16102
26187,14412
4064,10418
21607,6801
14975,8204
55683,9742
35024,5018
7941,12594
35703,6392
55962,11328
13771,24040
27253,20712
19518,23788
50485,12595
14880,7345
20561,24088
40267,15081
5143,17125
15458,5541
51496,9666
45999,26244
13133,23405
39916,24430
50748,17717
41675,17435
40965,14528
8111,12227
6539,16749
51820,17028
54159,12290
6465,11955
56066,7549
43655,6311
24835,10661
7630,11005
56140,16372
7754,9826
53838,5491
47846,6815
14235,11690
7634,28517
5296,19205
13250,6518
30394,29622
53865,7994
9879,6049
61435,8341
38964,13791
52394,13277
20103,15444
60762,30309
26604,7944
54547,4900
21592,10546
15184,15012
6616,6271
12370,17350
32890,6095
19294,18932
28497,19982
15269,24833
51584,16160
5908,11855
48877,8729
9878,8185
28611,19815
53671,14831
16174,5126
24763,27106
56607,10557
13269,13420
54045,9309
42211,6975
24243,25446
40574,19800
39620,18716
21035,19363
49784,28314
16265,15051
34265,27517
59275,14028
29669,6126
19174,10901
19278,10715
51719,18587
53598,8346
20939,27595
40426,27309
20514,16986
13249,5514
4334,10435
46886,6883
28955,26086
5937,8907
39708,14391
13889,20908
6783,8513
26189,25028
13300,10745
55306,16502
47569,5409
23329,24024
34963,27131
34277,11628
37812,19369
9362,7519
49122,16919
36754,25378
20405,16271
29017,17994
7967,17270
14141,20007
54954,6684
21698,15633
37696,19281
44039,26920
33210,4240
39656,5967
47767,7774
25967,24170
13459,20670
24479,18363
41123,15998
18998,12739
46515,16626
24577,26299
22190,25155
53356,13322
28288,23140
34286,12048
12825,25854
44636,27750
32539,27257
24007,8256
19348,20599
46000,25889
12480,10675
14815,6254
25007,10852
35045,24292
34938,9372
53040,15786
6814,14971
20726,7873
55207,5922
34997,18787
21586,20533
7767,7155
36294,6567
6476,11943
52763,16399
53122,18149
47687,24195
27583,16069
35598,24990
34454,20052
39675,29891
21923,25567
23545,24205
38905,25354
33917,12875
26192,18756
17096,17061
13994,26477
27745,13281
20555,9052
19891,9873
38460,12507
42018,5645
38122,21484
22971,5806
48687,15363
11173,27479
14491,15304
7570,25926
53154,14387
20107,18547
19057,7364
57402,7983
14189,8150
43096,11246
57299,9991
25979,23174
26904,8102
54676,18447
39210,14265
23099,25183
20726,17249
41922,18751
34803,26963
56180,19297
13352,26389
39957,21836
11508,7907
22271,8412
15817,19277
26457,11917
47942,24496
37008,18659
13818,19345
22539,9730
52051,10054
42940,6453
27877,11234
47627,26901
31360,4120
7548,4786
5651,7165
21027,17340
30712,7422
51517,6308
29275,23068
47632,6135
7112,13953
37051,27674
8717,5112
36748,27842
14133,23796
14156,12516
50212,13115
52931,29388
25719,23822
57564,30802
36802,21231
18567,28949
6835,10352
15972,23259
6201,7751
50722,5104
20673,21017
26688,15711
52208,13569
56826,19021
34178,8701
4912,16797
46022,24960
19161,6040
16534,23745
15105,6993
9355,29938
51076,30354
51406,15729
39237,9995
23155,26150
39413,24569
36857,4600
12529,26857
48073,5863
36160,6230
27799,14488
14656,11634
25443,26536
38415,20303
51697,18180
15891,6207
14595,23441
27168,18886
16080,11164
18995,14293
33732,11947
26498,7747
15281,8467
3517,20602
34869,26739
11465,26905
51628,21141
17889,6518
28973,4282
36126,22134
51768,18385
35408,19701
13519,7397
19797,13608
57358,6905
32462,8818
56120,8841
50947,17208
40594,7763
55343,13677
15321,6558
38476,4844
16150,16159
41617,27642
23942,24556
55765,10411
39968,10212
29152,15411
35692,4715
57531,7757
10278,6197
9413,18313
34688,24403
28912,22521
54566,5686
34924,20508
56506,10781
41507,12083
8493,5608
27420,13293
10648,7925
54252,23858
34423,15039
7178,4950
21877,16282
22985,8837
56229,14724
52984,7704
21670,26079
32549,27351
47728,25337
6134,4615
17610,5282
7668,11065
5722,22111
47586,24675
32534,12789
44888,27865
5939,15257
36740,26861
8172,11292
33353,12514
12561,17279
13967,25415
5948,19024
56178,15841
28594,22620
41078,25153
27176,21041
14779,17142
24975,25541
28406,18660
26401,18208
41534,6390
24382,25498
9443,8089
22161,27634
16009,27428
17319,12945
19992,15681
16441,15269
54076,27589
54669,3767
15574,21580
40864,25528
54822,11957
21274,14612
13103,15193
40394,8793
56756,22674
25654,25803
49225,7878
54891,23737
15884,7859
16475,6187
7767,18967
27830,6323
21516,27636
41091,18673
51508,11818
40476,27360
19642,14260
29101,11441
6373,18600
32548,24817
36748,7742
28842,15618
35551,24380
56331,15219
20538,27678
29627,27928
9305,13260
28866,20820
41860,5918
37479,24855
51692,11628
39803,14877
53784,9376
27080,24007
53226,19746
24934,18305
18242,7981
18564,5572
25318,23628
35101,9593
37476,16707
35861,11185
16524,4749
36728,18589
56668,10269
28421,17697
42032,19240
39300,6375
15081,27362
33774,26454
6712,6047
8120,13574
46848,21071
40925,5207
10637,28779
40222,18934
4656,15085
38047,13635
17124,26084
44095,28995
31293,6653
57090,23245
49758,29227
7638,20557
7544,6582
11653,26401
5684,20042
16125,26488
35490,27066
21643,15883
32577,6349
40911,5033
34939,11351
8307,20688
51314,29051
13502,4819
35276,12617
6410,13835
25058,25030
18325,10494
28907,25754
23474,25897
35793,21868
35740,6009
34126,24200
54164,11735
34612,5358
16817,5788
14888,17951
36306,10951
34865,18680
60346,11347
59883,12674
29367,11124
35738,18824
16746,4542
57931,19309
38895,16221
47646,5377
8320,19452
51210,10198
19457,24577
10942,12614
7240,12255
6895,18649
9151,14458
60219,8335
30556,7050
34531,4569
19328,23779
8959,16020
53051,12638
46333,15582
52754,8237
13009,18471
22556,14512
34291,27426
42883,24617
35343,21042
32275,4765
23800,8612
8127,10746
40182,15490
33216,10649
22891,5095
44573,24237
47993,18345
19729,12315
29420,24840
41887,21998
35570,7801
48597,5342
13566,19700
7506,15513
5066,26776
19733,24369
12755,22804
13295,11538
57420,21733
39566,26823
30802,7546
16114,21447
41546,8154
7541,9960
26487,14080
49506,8039
56353,6966
48317,26034
19103,6295
8410,19291
9251,18619
13747,28631
48279,6971
28055,26158
17078,27583
14032,4281
49459,6648
53901,25182
21119,5498
51950,15326
24760,24024
55364,9191
40161,16579
15217,6513
46850,17355
15069,19804
26962,6376
34209,28168
53225,10705
26836,20982
9633,7931
39346,24977
35986,6397
12289,8631
24899,10472
35418,24359
49341,12985
35480,26847
30702,7416
29272,4257
18302,24037
57494,9834
53751,10745
18752,26594
51556,12796
15642,24140
5998,7532
32842,11618
20049,12514
37178,7042
42011,3732
22462,23976
56178,19423
20124,25906
40244,20475
54186,22463
4716,15979
15380,21444
16410,7931
42391,27529
56911,23709
16325,25068
6769,23468
41902,6887
34385,10958
57539,23262
28672,25942
1767,11827
39667,7927
45085,27344
21363,4461
38694,24711
27688,20996
50180,20030
14971,12192
53853,8233
14760,18544
11832,7962
11721,6668
14548,21973
22546,24824
55947,12026
17162,25422
29346,21090
23559,7236
21833,24649
6521,13638
40244,10294
55693,11493
21070,21357
26804,16197
48565,24715
53934,15135
33069,3976
50735,10152
22698,24799
29579,28650
29029,19352
56386,18286
51589,11920
27464,16201
22404,14546
38976,6012
36966,27921
36445,10408
32903,16535
28988,20779
54764,10476
42165,16436
54589,5525
27785,16839
54074,18730
7558,12167
9334,16927
39829,6934
28672,20964
23166,24790
8125,22177
21613,14759
18951,12989
56683,7689
8180,16793
13324,18826
52479,18988
40304,4723
8550,6959
38545,11688
46323,25137
8080,13614
53665,14400
35482,9337
32691,8589
40480,16408
20827,5929
35892,11247
36324,7671
14544,8608
22477,8905
47917,24925
12800,8044
19363,13667
34469,12813
55615,5980
28957,16999
55850,11541
25607,26662
59128,20191
12457,25100
50963,15407
33538,6330
16023,11987
6991,20559
9446,17827
16383,23348
21070,14903
7789,7612
41591,7959
4551,13372
14781,19044
54863,20115
42414,11937
47396,19509
52180,17026
22531,20982
47055,6049
51907,20455
15318,22534
22959,10890
27370,6357
55070,9201
54893,17454
48198,4785
29098,5407
27209,13674
48328,9668
32678,4262
57173,21065
14765,24413
48124,25790
36073,7813
29324,26904
53982,10538
41773,11263
18924,19790
8721,30299
40550,27757
56072,8131
14173,7088
23917,24802
50266,7990
34812,19341
50733,13219
41103,4260
21332,20483
38561,11389
23563,6497
23139,18569
17037,7682
30017,6212
6170,15511
51198,20962
49257,5248
6654,5493
33144,9703
52089,6531
21841,12409
29744,7775
49991,14592
6456,7723
36301,14874
46821,6257
54658,8158
40305,12536
19975,11025
28998,4894
34525,10728
18055,4865
25672,13155
28571,8095
55360,22629
40143,12360
56228,7652
37456,19900
25267,27421
38407,26533
18430,5862
28514,20461
47580,21806
32311,5005
12742,17847
17755,4824
19528,13908
15807,20618
50361,20214
28624,12065
50883,9653
5234,17977
21649,24338
13790,20407
50354,12811
46761,6350
41138,4466
35340,23286
6091,16793
10510,7227
19003,25661
33318,6077
55566,14107
22540,9648
13563,6982
20820,17535
34760,15996
20400,20800
19231,7850
54821,4602
15777,11060
15367,14804
48432,7591
47138,29006
24739,9143
14290,18985
44032,7117
54265,22874
38276,18345
6741,25629
56019,8429
22040,16330
54700,10894
19385,9158
6110,21004
40371,11003
13251,8067
55023,15565
9427,5384
12694,18744
33602,26907
13002,23588
47997,21251
9102,5855
15690,5433
32975,11241
26944,16586
50783,17406
26426,26893
47601,5067
28160,26950
38486,17328
26499,25108
7097,10623
15258,23304
49540,19342
54795,14853
52284,11343
27400,18703
21957,7782
25911,14851
35182,11570
12697,27592
46010,24426
23769,27149
41394,24644
19179,4667
49981,6916
50493,17703
21641,26722
16429,18568
15777,6633
47547,5490
53006,19828
44950,24961
40469,8027
47765,15569
36835,27514
14353,19872
56005,11669
32594,27911
6692,11916
55884,10474
48120,17889
27302,16252
28020,16834
39772,19604
9059,9080
13422,16664
11009,6089
19852,10462
9203,8804
22271,14632
50689,11405
51739,11162
38892,4200
29139,16289
14166,13588
16460,26702
29171,19191
34788,22092
33795,26219
39559,5594
9250,11984
54941,8126
7748,16950
13456,27088
50702,29327
55236,19150
34875,8318
16385,7589
8177,15020
50342,5945
42216,26337
34681,6234
35682,25186
22433,18607
20733,15280
54849,18570
55767,2552
7063,12974
32505,26202
10271,7675
50451,4118
37591,22086
19752,24658
26392,19593
49576,4925
36547,20191
59678,13223
31315,7353
22232,18374
15868,26547
22849,12644
30510,7023
40863,27655
31613,30023
15738,21305
43461,27973
41062,27009
18834,5148
16285,6526
40919,26296
26229,12872
18785,24300
51412,11719
25936,27310
42235,15034
21655,11162
58996,5739
36235,9970
40109,16556
14687,24186
28794,10604
36227,21527
34527,13422
21414,11178
7945,19592
55323,21891
15206,19649
60837,15968
46990,24533
10709,6505
57313,19464
39124,13255
34096,4201
14784,20933
57200,11473
26630,12355
6456,19288
37352,19811
35038,15410
16957,8433
27452,25529
25839,24959
18888,25557
53520,23685
6628,18677
32476,14420
39574,15524
34030,27876
6627,26369
47546,7746
55797,24964
27427,21758
17814,25815
7432,10680
13311,13743
33982,10387
30027,7149
52706,12084
14180,20925
4689,13127
33777,7006
18048,4744
16075,12088
55903,5962
20019,17640
35571,13802
29602,4173
19764,18222
21377,5925
32929,25052
52499,6481
27725,12825
3325,27564
56421,22616
37803,19284
27665,10397
53936,27599
51325,12998
9173,14295
35433,9392
18064,10805
40574,17283
41592,24435
32498,27243
41403,5990
16338,7302
23796,24450
42012,19099
52813,19091
22857,16191
6563,21630
48649,6589
2170,10243
37810,5236
27816,6335
20101,26064
13741,17375
7854,17761
13496,25192
42229,14649
6697,17203
42557,21020
50528,20266
45754,26255
57392,8742
14569,5750
14526,4878
29476,13987
14196,25994
35021,10971
40058,18201
23186,25511
29279,25258
57817,4885
25624,23891
46927,25202
20175,24834
13033,26172
39943,27640
26157,18884
37205,24531
16046,5547
49994,19522
40644,19436
33526,11292
49248,7420
5982,6882
20105,9110
7032,20667
3759,6146
40292,14739
16052,12397
26279,12194
51978,15890
19059,20787
46815,17325
35099,14794
15531,19332
52121,9657
50414,8017
35880,15440
54912,11728
46691,6388
51235,30133
15214,21071
19041,7308
51970,10606
38020,27381
30237,5997
51262,10398
42110,14522
50316,10644
54066,4775
33091,16007
32987,15990
26057,26760
31581,16228
19153,10103
24831,24268
51642,12369
14165,16934
37476,27744
57551,21989
51326,7797
32634,6854
40796,20128
15011,12967
35276,11342
28158,5518
6433,8627
36442,5040
49910,13516
59563,13601
23132,27143
25387,11833
35704,5089
55817,11754
39015,24365
33184,14760
39958,10272
43803,6385
8933,6980
56139,16666
34623,7090
52198,15471
52834,21084
29145,23049
52389,29342
54524,8546
33082,11620
26284,26453
15509,6508
53029,18107
54252,15141
55527,19251
36839,6497
16431,15453
48322,7367
28230,6409
53126,21440
6743,13258
25973,12849
9299,15741
15534,12333
30561,4288
41880,5063
40391,5548
23810,22911
34434,9373
6215,9737
55949,20292
29632,7149
13001,13341
8348,15822
36239,5116
13073,18334
47015,9653
39603,16970
39725,18437
39653,14874
33018,8867
26854,20147
41774,12200
33357,24177
34228,14879
48901,31142
22958,13061
32161,7861
17961,5169
57226,8054
22585,25240
18996,12977
4393,11851
38885,4820
32907,11862
23578,7266
17657,5230
34661,6980
3593,5594
11401,6905
25222,27441
11388,27329
28100,13922
15205,14465
40216,8186
41025,15455
56729,24235
41665,7562
58434,16387
38716,14648
56298,22300
37772,24261
9238,17692
41601,8182
14714,7429
56701,22818
46770,26711
31581,30189
28481,26255
35606,14044
34838,24739
31885,7741
48563,17775
34210,25857
58714,16490
29210,11632
20336,20033
7758,13552
37058,17110
56382,14668
32956,28712
40052,24972
62563,29680
51751,14065
41471,14755
50796,17909
49643,5948
22746,7464
41510,7018
35390,11106
6874,7672
24358,27334
30302,5349
13144,15925
7473,20561
13917,14256
26115,19375
16278,27615
27148,19558
42212,7655
35652,22339
35210,21027
13293,27391
57983,24263
28717,26713
8526,29982
53299,8436
33299,5760
50202,10673
51252,14532
17137,7305
35644,7324
35431,10383
22852,12108
6573,9437
42450,18179
39782,17683
34236,6135
22714,6724
53415,14956
40598,10251
29201,21845
16911,6470
38211,12889
50402,17705
19670,8794
54889,17437
9281,17000
16033,19065
19925,21107
13107,20272
33706,15017
51236,6518
57075,7782
44015,26589
42119,14249
29798,4926
19557,11174
39020,20413
9354,6224
18791,7533
26291,23567
52857,19564
48273,8191
29383,21441
56837,10806
24493,26088
55287,15964
6918,6051
21001,18836
19528,20870
18910,21305
28069,25700
51284,6474
27123,16665
6469,7689
53713,16618
55918,21340
19014,20634
52823,15363
21033,26639
40627,19608
43249,13297
13845,26818
56837,23314
6107,14770
51195,13433
5191,16062
35692,12871
24867,24744
36805,19216
35733,15003
38515,26153
13161,5908
28240,17834
53258,18691
29201,15999
53767,9232
23256,26079
19402,23958
30572,6688
16369,11184
27667,25240
29412,22475
40280,6541
30311,28207
25754,27023
56225,7027
39172,5985
27592,25899
41047,21919
54160,11514
19706,14738
41919,14682
55288,6839
17189,27568
20561,12473
27383,12841
34961,13042
49024,5275
42704,4450
35447,10872
54014,27692
51614,5217
53075,8446
54640,14505
50474,20208
44046,27376
44347,7216
6735,20957
38880,11355
7723,29039
36301,6125
54922,24608
39492,25966
47613,25306
8411,14811
44715,5218
30131,5319
6810,8429
57052,21572
26523,19953
38845,13786
15719,20894
27609,7520
19367,20553
20687,6637
4432,11823
27256,6835
57719,24631
11792,5689
55366,9094
55085,10312
55109,14025
9710,6182
28122,30017
6320,10886
47304,6203
52151,16116
13124,12260
41521,4573
57334,27315
15621,26863
37391,6965
17769,18237
54674,21816
15740,21714
27903,23947
41725,26631
21047,9804
13278,17637
53782,19266
43111,25920
21086,25468
17910,23941
6488,12243
43704,24434
52328,11091
52319,4735
42587,24606
14243,12299
37341,21406
56008,16931
57139,19665
14416,17213
49123,17175
46471,25257
13008,18010
16440,26866
50471,18149
39523,16622
21819,6184
24677,16316
28998,6303
19822,26312
26221,21413
8076,21497
50928,6582
56378,17549
48789,26269
16338,5445
14949,6488
9885,6930
14394,23631
49484,19988
36090,21116
19617,16058
49468,28265
21867,5788
22095,13478
25723,25635
57290,8512
20618,18601
14539,5015
36548,5610
50041,5457
35381,10524
21762,12198
21800,25641
41477,7174
55615,8100
49856,29588
29102,15822
49447,15353
20887,14540
46525,18369
38313,12147
16082,15632
27180,4878
36046,7792
34995,27749
8451,13390
12355,25197
17539,6028
54881,10612
28254,6691
26299,13122
20509,17769
59260,9949
12092,6769
13564,13733
19300,8728
22418,15506
14939,12672
13234,17953
51161,15605
54602,16965
14428,23191
29896,5193
42029,19524
21185,25375
39239,13597
42096,18437
51002,15692
54029,4902
33791,15738
48697,17850
46023,25787
53803,17894
44776,25370
13321,27290
57852,22616
47490,5049
12556,15512
12146,24219
22743,26118
39212,17134
22173,16095
21817,16405
39484,17241
9266,31966
39716,6113
41689,13738
36629,5560
8574,8739
20853,25787
10859,18845
19765,14396
24814,24050
53578,14286
12026,5113
20189,12006
28544,21069
46188,13096
16248,13649
22205,17628
21536,15971
38422,5762
20111,10647
8909,11680
52678,11478
52540,16344
22657,19563
57477,22216
41454,25695
53656,16642
52030,12276
59476,14484
37872,14314
33100,26644
46761,3975
58372,17213
56437,8662
52278,22383
47339,19191
56860,20985
20988,17746
13857,24365
59803,28029
34156,27257
52946,16138
22830,9007
17012,27015
52459,13545
22458,16968
53539,10413
35962,18810
16928,23889
39754,13162
37273,27726
22171,15585
19344,21080
35557,8340
34783,26256
16277,20492
13521,5962
56867,7037
13297,7463
31492,4810
38668,16912
35476,21587
21515,17257
41485,18530
38373,24601
54354,20791
42834,5702
42167,18724
17017,8150
47065,25454
18603,27623
35505,27514
46724,16144
40901,6185
7108,5080
54251,16986
54917,19666
43654,25792
14067,20616
3378,6158
6331,20106
33105,5078
8512,13404
7656,7444
48002,4946
55840,10225
19870,26747
50864,19815
20007,17898
50291,18512
19073,15539
15615,20570
16294,5964
55494,6659
19008,12078
55262,20462
30843,5193
50439,26554
57212,19672
49101,15739
19021,25606
13392,27042
18941,13360
44803,25685
9355,16103
57410,19350
52865,18016
49758,7394
38496,27648
56152,24667
36133,10100
52111,11561
14774,10928
55603,14320
13632,25313
39243,11340
35752,18699
39698,14466
15172,15762
7021,27223
35974,20807
50100,16783
30791,6142
38390,27439
24717,27451
35314,24973
38754,5257
34721,20983
56819,7952
27967,12410
39440,16116
35250,18299
36509,7201
14424,23729
38993,26179
26560,13310
18968,23887
14766,23197
15855,23017
50315,6168
6176,8992
8062,11054
48975,16268
58958,15417
52785,22043
16198,5002
22060,11622
16875,13762
33720,7805
23414,20080
21274,16630
55752,24535
56130,13578
19589,11356
52643,8681
23230,25189
19968,25571
9004,10785
26402,5339
45758,11826
54359,27609
15267,5053
12890,23576
51800,20361
41133,17711
28373,11988
31068,18456
21916,4620
22518,14175
20902,13010
50543,11345
21531,9771
36122,11820
10540,19065
34354,4672
34102,24781
7424,10993
51884,6771
54722,8396
53375,8494
51138,13256
52618,19993
51850,5139
22371,25071
38116,27859
35708,8730
42280,4586
12913,16757
15050,21938
15547,21031
37170,12548
38876,14509
14409,6014
16911,24574
49544,15048
38875,18569
53317,12319
27017,27183
52893,20549
32616,7969
40650,19854
15038,16519
39098,5476
14156,13030
51189,9920
22888,4941
47280,20175
12588,25534
36530,5528
55268,20094
27396,21763
14706,21405
50687,14993
6213,13171
27059,24045
22585,18664
45018,25860
56039,9828
40914,17944
52757,9639
21181,15147
8322,15500
42188,19050
55303,16909
19071,18747
9911,4640
53129,14771
46805,16954
49706,14834
13756,31103
53635,14906
31032,7008
22397,5569
47137,5890
34278,11629
32448,8316
51890,8671
41117,20748
42275,12851
35388,7779
48448,15936
16023,11097
50230,6013
41514,20647
20678,12195
34646,20545
42127,17052
25760,12753
34286,13299
29559,5030
19675,9108
35399,11539
28555,6778
45452,14456
27779,16875
35075,5549
25450,24892
42175,19897
39258,5720
59127,18821
13232,6282
33536,27847
47299,20205
35488,16792
51491,11284
19926,20552
27892,20559
25989,15572
36459,26101
17840,8396
18975,27433
46858,5472
27140,17445
26565,16688
52826,11526
25423,27023
54848,22099
39900,21436
2502,23850
55559,5631
26887,11589
18521,6516
34669,18721
10398,7075
35160,11727
55242,13073
38185,26834
35758,25043
42970,5413
18283,23918
36378,26288
36096,9577
13014,5707
52714,7804
34470,11393
47434,31058
52218,22139
33377,11609
52361,22334
55355,10901
20978,13374
15367,24056
56490,21154
35495,14674
40036,14607
20336,12606
7542,14310
62118,21983
13848,11104
27156,24047
10091,12429
39143,12321
28775,19546
6446,7891
32971,7406
53511,5079
52154,14682
47790,7352
10701,7963
49844,13529
14713,24268
55472,17657
11298,5686
20000,19455
27081,24362
32410,15944
13922,17746
51124,8412
54294,20796
6104,6418
21241,15225
22097,23817
27710,20706
40192,25174
15963,21618
54762,22925
40149,13031
33449,28501
8483,29760
20197,11306
47720,22400
54580,9186
7780,9297
40506,25154
39926,21138
55238,7053
11930,7381
34468,15195
20179,20544
22868,13776
27488,13858
39492,7841
29409,6889
41755,4754
51939,7450
49144,15138
20398,26681
8685,18918
39864,7407
52812,22598
48374,7291
6728,4808
28408,11526
8658,7448
23535,27121
33153,4154
14901,14185
38732,26071
29525,7201
20625,9737
50980,11460
41392,13369
12903,10793
38800,17252
35859,15133
42489,17950
53263,8399
33018,25491
39051,14452
4374,12072
19050,4882
28061,21394
57286,9838
36600,24781
56289,10772
27867,24316
43245,16594
31817,5421
50560,8220
6668,9479
40987,18379
4646,2582
16923,6484
51990,16156
39018,16138
41568,19025
6980,17235
52161,7302
41531,6411
53734,19457
53268,20280
48472,4618
21221,8711
7751,29340
10839,28779
31437,4867
49431,23599
51994,15763
56287,22687
39384,12728
15020,14588
55724,18207
61074,8560
14501,21227
36375,6052
27343,12822
47667,22269
14048,20414
14564,21815
56043,12933
13119,19486
37513,18257
50778,16024
16217,15136
2800,25605
52772,10499
47101,18440
52320,8465
14393,6167
9417,7023
18343,5098
20953,6827
42152,15940
48376,25386
6560,7946
12873,18923
8869,17190
39873,5263
51669,10393
16448,16370
14958,5213
5369,21290
50463,16329
35112,13747
54345,27232
27629,13096
19036,24512
52399,10326
33025,26261
56228,24405
34753,19540
16435,17506
56370,12125
22549,13410
15588,13630
21944,25232
13013,12339
10105,18341
35705,24111
30052,7687
9370,13499
40640,22962
26290,27054
36490,3998
22575,11676
15197,13480
43137,27404
12429,6916
21059,15018
27936,24604
8214,13574
34289,25853
36383,5907
32041,4422
16545,6244
49909,8424
13110,15649
22341,24527
59960,6304
40373,11454
29635,4300
8799,30079
32899,21184
35481,24267
52369,11651
34626,26498
53082,20963
8761,13000
13357,11951
28408,5469
27669,4154
9561,6023
36678,7804
23933,25726
3955,10568
46766,16286
15337,7018
14864,17144
7008,15719
52938,8244
35513,7630
38835,21947
11510,4816
57522,19557
22846,9955
15138,27146
21126,8019
19425,20236
9755,7753
40959,20504
6929,6119
21546,11404
8786,19424
6676,17873
51356,20293
8270,7349
35354,20819
24721,10282
48635,25520
53232,21128
35292,26607
36874,25631
55571,10110
53800,18940
37282,4575
41015,8309
55059,9624
16493,23746
6861,15346
37655,21726
35948,9245
34969,10377
19707,16428
15568,19697
29389,5456
37759,14473
40316,17152
54789,14945
26839,25617
32644,24219
36478,11982
7930,13695
22195,24182
62537,2651
22574,26327
13229,13247
56672,7624
42974,24703
47840,22068
13338,11032
13388,5554
37725,25246
13200,20644
52459,20604
28922,21187
6360,15169
29127,5936
46427,15498
29282,20644
45219,24892
26976,22506
31899,7973
6648,14078
49578,5641
11965,8395
22506,19650
2488,5164
20710,19747
5659,11101
58654,10978
27452,22975
15838,22132
54397,22499
12911,18051
26504,24314
53282,20268
25776,25748
16264,18359
19044,19266
41944,8900
26186,22787
43338,26316
13101,19034
5543,22387
27233,13270
53435,15749
13693,7212
29207,4610
56941,12618
13193,12884
45154,26707
21419,12180
50583,6864
33020,18718
49963,5733
24053,8371
10926,6338
21416,4247
23399,6723
36813,20180
39520,26472
22591,5526
20715,16432
33181,10825
26477,17583
28180,13047
35761,21511
51311,10805
56446,25428
19239,24966
34086,13280
50792,19808
6997,13238
22077,21235
17030,24061
5409,15697
34346,25131
26256,13202
20159,16863
17005,25502
27560,26565
8294,18356
56883,23688
46109,7520
27905,21244
16450,27579
14078,22986
16481,6218
54853,19503
10926,7831
6107,8729
43631,27458
7367,17455
29185,13953
41781,16967
22852,26053
57714,24270
39558,25260
25453,24672
45897,26504
44603,8195
33311,5347
20888,8216
50861,7502
51745,20739
22744,25507
27651,21805
39092,11408
31194,6883
37732,20006
39137,6328
60847,2871
28387,17781
26920,6879
8744,6208
44892,24565
43421,28022
53905,7399
32829,25806
20229,20899
27122,19375
35760,24592
20875,6366
32915,14386
9361,5741
14527,11823
25447,11478
26588,4783
29449,14409
49404,16448
54256,19318
6081,21476
28233,15603
38682,25870
56758,12825
47371,25361
55489,8704
2949,3246
21013,12942
36148,8755
14016,7873
41512,21025
26779,12488
50400,4768
34566,5706
21854,4833
15239,20629
42330,11726
2008,8438
51613,13425
29243,23113
48846,18381
55485,16224
26564,13830
21901,10108
8290,18100
32435,3618
57844,22115
51073,13716
10966,27753
21515,16440
53099,17516
39595,10201
56531,6563
21000,10561
13441,5209
36227,18407
13602,6454
20871,16014
39226,15376
57521,25076
23181,6554
55086,25330
48839,15688
48646,25470
8439,21447
52150,4573
23675,25319
40327,18642
44723,27648
41764,28097
49230,8065
13243,14998
6221,18777
38141,6631
34711,11818
14762,12529
6901,13854
32702,4253
25707,4845
7818,9568
28506,11329
47975,23222
45056,27054
41101,12979
52505,6013
35472,15378
58076,23188
26650,24499
26677,13149
39408,20561
19670,21285
31456,5022
51436,12005
34641,11515
49037,13430
52233,4479
12451,15583
43375,24409
21219,10850
29401,24609
15133,8681
40393,18925
21491,21644
54947,5244
40838,14958
7733,9294
32086,7467
16281,24252
12794,17342
19902,13095
54728,19833
16225,7241
13551,24094
19636,20409
33813,15869
54133,13913
13336,3956
21031,21219
39698,31185
41218,8027
36577,20787
58668,13620
43157,29438
50083,4975
22155,6828
19365,15203
10205,4645
51187,12536
33500,11101
35082,12854
42636,24695
25235,22862
27613,15878
27943,11525
38550,7075
12971,4954
29708,4227
9665,23928
39474,21694
33454,5915
7129,5489
26867,26117
56299,14082
27945,22912
15194,16150
19553,26873
14865,11033
15099,14585
52966,4746
51030,19483
37272,16710
7654,5900
63159,11583
16107,7984
18841,6575
20777,6270
56440,25211
38888,15591
53665,20530
46051,28146
19358,15145
9086,18429
29223,27847
37205,19484
38797,15555
18900,24136
54564,24573
23315,25665
28450,7415
56706,13370
53191,16832
52053,12867
9159,8720
22545,24369
27256,15302
52550,16032
43773,24671
32586,14309
15225,11371
47095,6725
32964,15548
14090,17802
6723,10195
21836,10582
55978,12577
21610,30501
43931,24788
40467,11675
44671,27877
26839,13700
12361,29533
41469,19474
27412,19173
51042,21196
30045,5978
42731,29163
54368,17502
38916,12030
37633,27153
35249,7205
17677,24752
40277,16364
36294,10104
27633,26930
8366,18033
33446,12865
45924,13055
27918,17935
22269,18086
16415,19348
38230,12857
52637,4747
4813,14284
31322,30245
15717,15073
56298,23817
22672,24613
9424,7475
55965,5890
48387,16242
28367,25011
40009,10570
14833,6885
39601,16410
14301,16915
49684,18185
53329,10530
18358,25101
32609,29027
26666,14992
28267,17496
21217,14706
6158,2323
21777,18646
43717,28151
52672,7709
18929,25502
38460,7214
26100,15173
35905,19300
17918,24976
41682,26708
57842,14357
12717,19160
51255,11604
35946,13937
57384,21418
56453,9938
42955,26700
41278,5886
34346,9982
9228,7231
42138,20255
38755,25159
10724,8553
27063,4032
53679,12630
24978,22161
41110,7397
27076,20576
39271,4457
27501,14899
21918,8403
32731,24448
50066,11689
41838,27375
33850,7896
12813,22653
39092,16389
20840,5966
6194,14873
8718,20827
15548,23717
7066,11640
14629,7068
43895,31208
19597,23666
21362,9019
13497,5041
29477,25176
9525,6694
41089,7007
40751,24469
49491,6033
28248,6686
20006,17317
22538,12209
19405,6670
54822,7398
51370,12060
47222,26064
41518,10115
51122,9148
54004,17128
58966,15005
42440,5012
34610,27026
8917,21564
48867,5833
56295,8501
7679,15338
47766,6590
20717,7362
21515,15328
52934,4568
14867,21275
39016,20058
53301,8530
49467,17748
19755,5513
41484,11585
18105,24500
38109,23724
40141,11009
38488,21012
22796,15344
26789,21180
52823,11572
54144,23036
51721,7131
14573,15053
49835,29446
54254,22565
54793,25736
16214,26498
62091,6095
10420,6507
44617,25224
22291,24082
7439,9461
8165,16374
36270,14028
51923,13076
13312,27377
26935,23644
55657,11570
15339,23271
56293,14328
15861,23417
56777,18891
9313,18007
26164,20804
40105,18614
12353,5031
6034,6585
21436,19344
21150,5289
28237,11298
51224,19988
13817,6292
17972,7894
28986,25532
3852,7578
52247,12806
48787,17517
19184,17008
21453,25326
38313,13373
41398,10379
21170,13082
54978,13230
4020,9272
54659,20386
6254,7296
16383,21355
50137,5663
55977,8340
56188,16647
46226,14029
49266,5306
45016,26109
28514,26039
2751,6541
13697,21848
45376,11263
29254,22937
55753,12212
53568,21169
28922,14921
21560,17587
17992,27386
48495,16318
19566,7732
57904,4788
48007,27542
39529,5201
7263,19750
7606,11507
31167,7298
52969,7747
48401,9197
12940,6635
48988,15012
39842,10509
14702,7997
33070,12747
32498,10838
55555,15077
7201,12112
16199,24398
21418,11155
42295,7381
47589,21189
56967,8394
51894,8533
53177,18215
40920,19582
40749,20390
20522,6444
15037,11579
33080,4226
41019,22169
13703,21108
50055,5665
35356,13780
37860,4408
35520,11252
50803,5337
43247,24173
39069,7695
8471,12517
22262,18711
6682,11486
13058,12805
22022,13304
45529,27442
25823,14072
27345,25477
27179,4743
30966,6248
55223,9945
21130,27254
29560,4790
28505,14971
14096,19771
6634,18550
51021,12872
19560,8150
38902,24921
41091,24527
24364,23074
42306,16879
31599,5913
39680,25000
31222,6351
55827,14685
8526,16668
15351,14758
50793,13397
39701,26861
60676,10437
27935,21102
25793,17311
21869,6687
14616,13514
26139,11268
33241,4167
53623,7518
21355,11750
8519,14228
36386,15478
28567,17080
52795,4561
45556,9185
54626,19414
19653,11323
27917,12659
28798,23981
32771,5039
53065,22107
27391,24744
42148,4438
40016,25224
49819,14518
52818,29427
56180,24761
28183,15191
28575,14040
41626,19761
34216,11570
35409,8024
34773,13831
55609,15153
29195,11853
46546,6472
54355,12787
7024,16067
22438,19127
46025,24825
39241,20734
42449,19689
36919,19731
40472,6648
16291,22780
17907,24964
15927,13635
8223,13700
29039,7688
20614,14263
8651,14425
14633,18934
58340,16398
39768,19005
7490,19174
52368,20373
4246,16825
25997,14692
34986,6664
13908,26320
55513,15022
22240,20707
33014,9797
25380,24182
12794,19099
18853,9349
6872,5383
54527,10556
46486,27863
37732,6634
56610,25037
20905,6290
50809,13589
14260,4943
8025,13067
21833,25177
26849,23293
22438,9887
41464,24316
27917,16958
55191,25131
6948,17523
28834,18219
47561,25166
17434,7295
52126,13546
53941,27873
55396,23937
39944,15095
52850,9673
40303,27160
7222,19303
54976,18201
27095,17926
26253,17333
54671,24316
33714,3835
22873,5897
38985,25816
20082,20625
28904,19956
56377,3876
40196,6813
51158,12071
55271,7108
20207,9840
28788,11137
26493,4766
19862,25733
5384,28492
27014,25268
39085,17149
9875,5198
35593,5352
42529,24621
44570,7510
14551,27278
57940,18085
23661,31876
42956,25789
51092,9630
16326,21311
34833,30082
16117,15946
7415,7904
34515,26950
11953,10395
39729,17030
13865,20892
34032,12988
3863,7238
5599,18314
25729,12665
28059,14182
16395,21017
29478,7593
39739,9155
20908,11839
38664,7034
54972,17590
35717,24616
41777,26451
11185,27741
46995,28050
31942,29883
37191,18336
29214,27639
14096,18327
23216,24872
15734,11938
35988,20868
36947,27379
54799,17509
40406,19897
56146,11371
15054,12626
27029,11234
44701,24518
21606,19249
45601,27920
52072,11985
36117,21633
5906,13919
52621,14713
21422,9111
21588,11860
52457,22191
33205,6281
50731,15879
24167,11222
55049,21169
45391,25292
15840,6491
15901,6546
32975,13677
23705,25915
41974,15227
56413,18078
31131,7692
47427,26373
52748,8723
21975,11276
18092,7195
39841,14535
15573,19766
6419,5736
12759,8418
22513,10402
16141,12475
46510,5863
47281,5112
20503,16651
33429,9171
39123,24631
24106,8427
20523,4693
46264,24450
17865,26082
39424,13458
53311,4965
6014,9857
26144,27483
16939,23854
43079,11488
23800,7419
41602,14918
29119,22756
35452,21688
15885,22178
27127,6065
53663,14990
55690,5442
13757,12104
21310,24936
29037,22499
8822,6074
63088,15650
42073,15496
23597,27294
47785,9765
61082,8967
35582,27186
42279,21853
49081,18732
25945,20714
54825,24326
20978,12944
21362,26053
36966,25450
7156,19603
53610,23329
26686,14294
54428,11175
28443,6429
13708,12218
8374,7129
13161,4642
27508,16742
21403,19049
49997,9120
44946,24512
13153,23234
19831,7443
15932,26976
38935,13548
23102,17787
49237,7391
28382,12470
51017,14152
53507,8156
46458,26849
14576,18311
24396,26077
40185,11148
20884,20002
19619,26129
6122,15303
11691,8306
12505,15269
53443,18189
41858,19121
18556,25264
15256,23598
41577,27450
39854,29672
20724,5478
15145,16516
19424,24827
36778,6812
41319,20304
14774,5287
30753,23577
13917,24338
49165,18464
28777,18640
34729,16130
15574,16144
40999,11942
49179,17924
15690,22713
27696,15541
16698,26371
35232,11320
12312,27108
8449,5464
21175,10223
7297,18669
39531,32028
19515,12417
34360,9332
54076,23443
56651,19886
19014,11104
24350,27530
38485,13672
32858,9065
55388,11594
35865,8017
12658,16342
52712,14371
29138,27300
29003,11786
47075,6848
54429,4700
27985,27094
38975,7657
38031,4287
50307,27765
56838,7346
22521,21127
16485,13971
27409,13162
3940,7803
15209,15530
21548,13010
57587,7493
47354,6340
47448,27778
8314,12803
12839,14456
8714,10504
21112,13203
15599,6601
17188,31843
49550,16736
39467,9766
7989,21353
26425,5058
19334,15649
21700,18956
38057,7474
57128,23972
18007,6299
22119,8229
22624,14341
56395,13756
16226,23571
38910,10344
27753,25665
29125,19101
36486,8370
13631,11891
54185,9393
40013,17732
25350,11895
37697,8021
35978,4789
21116,17538
19782,25805
8325,11257
49464,14933
50158,14202
56188,14632
53601,5313
14785,26169
41051,8035
13570,15342
52499,22417
13228,26066
36457,4350
61259,6454
55821,22204
52693,16727
20132,12835
17210,12920
17464,6627
40700,26073
35133,6710
18170,26963
12791,25429
12844,8445
8886,21103
21574,27063
34021,26204
26809,6043
16937,26064
31122,5135
20768,20280
12595,7359
54057,17356
16747,6770
46695,26138
15617,14422
19721,21013
32227,7291
35998,26623
62251,30832
51838,31553
50912,7086
48073,22981
40076,4439
17884,7422
50621,11644
20972,19829
33605,11238
22043,20363
7980,6282
45609,11427
15251,5463
47602,27488
17866,6319
14625,15039
48235,24460
33509,15407
22232,7594
6960,27104
54103,16196
27773,25694
42262,24947
53296,11814
42154,14921
55061,22376
1947,12467
41671,4121
47273,20282
60041,21612
18164,7441
55334,9271
40923,27034
53424,23141
26818,26132
46583,24269
36249,7592
50640,4902
54770,18254
41766,22644
29060,16539
53878,10519
23420,19139
14877,18604
30995,6885
32957,13230
12962,24418
31359,7834
17367,6973
51257,21005
36155,13467
46699,8046
47711,26633
26308,26570
27963,4238
40628,16734
45678,24562
50625,24614
33461,9186
37279,27870
12991,8395
13131,14808
10761,6926
20529,9239
35814,24305
12569,6996
41218,21069
50850,5256
56334,22202
22818,27654
56331,11840
48363,5950
34870,10902
48834,3708
26825,19513
12635,25107
21035,17394
20646,15364
62860,4773
41498,24121
14291,21351
50993,16609
40867,25935
54288,5316
21862,24522
1887,20392
53823,17324
51674,11501
6495,15905
54765,14191
9332,21389
8081,15623
16246,25076
15547,16914
46777,24175
26887,21686
14032,25847
40650,25266
61786,8507
7811,29238
50755,17899
29366,7548
40373,17136
18062,24492
26539,11433
13994,18932
41800,24655
15616,5929
7723,12088
36012,25799
27962,11068
52892,10924
19935,8003
28326,8680
51153,11912
19226,13458
39638,19835
27438,6087
7023,5740
48150,7756
54847,16600
30068,4457
60230,31083
18915,8019
16124,20476
14318,16637
8594,14657
26907,24102
19720,21270
39949,7154
7430,20649
53103,6076
52686,31775
9207,11861
42571,28005
18119,25240
36423,5640
20750,9986
9839,29692
54052,9318
38599,12980
20044,12895
15662,5088
49761,18177
21169,12822
6129,9028
22519,18671
59080,12816
11713,5325
21471,26628
5629,8962
53266,6783
48878,16802
19505,18209
11436,4947
41054,15633
42032,20595
21783,19343
50502,18010
46871,27042
50038,11677
3534,5327
48593,5974
19875,11301
40420,13906
51140,20258
41173,11871
54567,24436
30992,4661
15791,6363
39366,5188
49673,5727
33194,26784
49186,18688
30540,29487
59994,12379
50065,11971
40336,5295
21786,13533
60550,31202
27509,21272
44252,25197
53438,6910
22671,9316
25610,26688
49787,6195
47155,27645
24941,28498
54865,14428
41725,18755
8259,12912
41666,22068
8484,11433
37127,4838
54931,16925
7123,16042
24997,24419
25352,26182
34797,24169
14193,20189
25918,17443
40011,7418
29166,19795
19346,21124
51339,6389
50117,12688
2875,9084
40204,6358
24135,24582
51887,7228
54774,20282
33913,28084
26660,12313
32530,16036
22782,24180
34793,9341
18537,24116
21195,17061
19196,7209
13724,23584
34897,14194
54449,8122
28972,26691
22556,15524
7526,9904
52635,20880
17996,23689
6047,16465
45286,7518
51958,21357
53208,16905
34818,9683
23155,25614
62158,10173
23320,23794
21321,14514
26696,12061
33007,28721
52008,21154
14156,26992
28684,27599
16443,17686
17694,5359
36100,7142
7692,8269
54928,9892
7421,8150
62194,19991
27156,11457
32512,8807
13624,16175
6050,16704
6834,9752
11760,6461
27909,20303
42436,7007
50026,19661
7219,9407
9218,9950
39999,14127
52049,6637
43249,25388
9301,16267
36821,27036
9308,15541
28078,13817
36308,21078
19678,19172
8392,5174
27020,20183
49054,13807
11726,26630
22422,21360
13504,21834
35882,8019
17576,4743
19550,9769
12615,6546
31584,12214
17924,8415
28964,16147
10715,7262
9611,5022
21529,8009
29549,7475
18040,5998
40700,21821
53380,18778
42473,6395
32548,9305
32711,7664
60490,11054
49303,7062
53105,5358
19251,27255
56813,23637
14652,24649
21024,19327
27187,12224
36940,5063
28826,24768
9191,8286
16275,13072
10548,8011
51028,8116
20283,11301
4454,11605
19838,31329
9307,5848
38071,21266
43663,4036
36265,11004
19008,16448
42784,26789
47758,5702
54428,18438
19165,16863
18547,27578
26825,22640
26859,17153
16157,18599
41050,27244
58150,5033
28281,24047
8978,20132
21628,9563
49880,13634
41471,14037
16111,13185
6198,22051
30926,7421
3951,8599
19374,19682
34806,21374
51925,12575
18596,8503
33246,26787
54203,26247
27657,4857
35706,15543
57543,15014
27204,13368
5266,17265
53721,19089
50897,19470
4295,23075
40785,5562
8159,13305
28466,20829
54241,19658
12786,23123
59753,12860
12584,20031
9542,5762
34886,13038
39227,19530
49466,16126
57561,23647
23613,24567
59480,13220
20971,5594
18064,5445
39177,24401
5932,19888
41664,6162
44069,27157
23310,24966
6019,8876
44585,30586
7020,19829
47017,26994
35707,31946
31795,16022
41316,20690
16297,24255
56488,12405
9074,13244
22290,11898
33586,14833
52328,30273
16123,14936
35837,11354
29358,26686
29076,15894
60079,21515
19471,4719
48851,6659
14056,18155
44125,12623
26744,24235
40919,21114
36426,10480
38662,14528
53487,28648
47024,19406
27252,7492
34951,26580
55786,21794
21421,12802
50520,17061
21023,15798
6429,23828
24242,27003
16798,19177
50652,8707
15445,13461
56002,8758
14047,20834
37977,21790
21715,31140
28269,18711
47809,26959
27055,23042
26828,20053
28063,25209
15857,20494
42351,26136
55903,9201
34303,15262
23235,28328
28853,12667
51638,8755
16216,18966
36967,16934
56202,6092
53573,20422
6468,5504
50360,18230
19797,18563
26231,16829
12415,18901
16855,6996
6733,18487
21850,6389
15175,23392
26386,21647
14002,18897
3875,6721
6933,26296
29745,7160
12518,26066
13624,13331
12174,30302
50270,12745
8206,14266
7728,4749
27393,14769
33792,5015
20874,12495
15690,25052
49258,7178
54346,22200
39718,14778
9167,29986
20187,23540
39199,12224
27725,18317
13980,25624
41995,7549
27524,15402
9216,18865
52300,21253
11413,7951
16383,19971
42508,24851
47464,19837
9482,18327
18210,24497
53583,11296
21106,14314
28666,13330
22960,19083
26973,26818
14200,25080
32894,10201
21562,9989
27630,27910
16068,5699
20436,13571
14547,15841
26585,24732
36654,19671
32545,16080
20004,15370
45260,3167
19729,14752
22569,5730
22627,15652
2584,15866
28045,5490
34619,10530
55122,11620
17905,27560
22057,8107
18951,21532
54179,13956
35257,11805
5975,12916
43001,26643
11081,31227
40640,12987
46472,7639
28630,30236
35724,11390
61532,18775
35673,9478
15219,17075
58001,18081
50742,18261
59478,13548
45705,24111
40280,13887
25441,27524
21690,19138
36777,21981
34861,21755
20290,13867
34724,10304
19016,26333
54563,23345
17175,24276
19689,26730
22297,6345
46656,25189
3899,9090
28889,16464
17026,7604
49041,28436
56192,25350
37621,18642
27778,24588
19792,15761
19324,27377
40941,27801
54322,16976
53867,13269
21896,24838
19351,14164
23426,24657
19230,13575
6557,24371
13127,19640
39363,16759
50564,30421
23571,24417
36825,20145
54285,21436
29855,4868
54940,26463
4101,10010
49333,28038
21808,24331
33481,10427
13171,14419
18476,4667
24217,26048
48812,15093
16698,6711
52574,22119
24408,25831
9332,15993
34551,24284
49432,13802
51863,4420
41658,4583
29060,5891
56641,21342
22630,15033
28724,13138
30148,4618
28837,12772
8391,15478
20476,11018
35942,23123
42035,14027
51510,20079
52221,9762
8449,17047
19071,7436
7652,14322
39520,9634
24728,24161
6458,13350
35218,16180
56410,14215
6496,16079
46697,27578
8628,12881
20091,26172
44241,26662
60593,10673
41175,19932
16194,27639
41956,10500
19916,20979
43007,25961
39985,10768
53808,7345
51775,21097
19319,11729
25415,24242
38443,18247
22508,12074
52321,8496
45503,11655
39531,7216
58839,15345
38969,14279
32955,13877
34995,13434
19775,6957
35356,26564
37284,6514
5903,13233
37808,21976
37250,21181
29753,28709
42875,28849
39971,7533
47175,26455
15127,13802
51711,7307
15425,27160
14773,10747
32894,15886
15047,21478
32518,6433
14951,6534
29284,27367
54066,6664
51023,8007
8290,28797
27108,25084
49787,29029
41858,20339
7325,14766
18190,29906
25867,27397
29367,11944
51310,11641
35787,10112
40569,27161
18582,9549
52493,9684
40451,12693
9092,14406
29394,15791
16018,27463
54868,8696
10468,8170
14279,21985
29275,5439
27844,21135
42279,24224
24559,25289
35770,13455
52989,22422
6357,5894
18963,27183
27810,17434
21609,6544
22985,20985
28127,12052
25719,26400
31881,5180
36355,28188
54185,19987
12450,27658
36378,14913
17879,25389
13451,5047
59773,29101
19540,19688
30023,6950
39412,6737
39862,12189
19724,23603
19689,8071
46133,25406
26678,24670
37742,24699
6752,15377
31582,5026
7043,27511
56340,10025
54255,15457
56778,25038
9194,9030
32845,11479
34612,15875
59355,13706
23120,12754
53291,12658
35887,11746
35216,14804
20999,12326
32699,12564
39089,24921
13569,24766
23025,5590
13687,6885
4603,13528
19637,15580
49791,4956
26869,24617
52879,9851
50110,19819
62561,12683
48764,4665
35762,9379
8135,19107
6933,11729
12291,12919
14652,24036
46354,16810
22452,11481
9577,22870
34389,5860
13328,17789
40117,15749
8420,5504
24813,26623
51574,8289
37837,21144
3121,15522
29650,7206
40205,6763
7266,8815
12878,16246
12534,14757
56052,16215
52746,6516
36940,28010
44242,30372
49545,28850
26760,14172
23835,25272
15924,17743
15924,17743
